Timestamp,  Uptime, NCPU, %CPU, %CPU0, %CPU1, %CPU2, %CPU3, %MEM, mem.total.KB, mem.used.KB, mem.avail.KB, mem.free.KB, %SWAP, swap.total.KB, swap.used.KB, swap.free.KB, io.read, io.write, io.read.KB, io.write.KB, io.read.ms, io.write.ms
1526155009, 0, 4, 40.0, 20.0, 7.1, 13.3, 0.0, 95.2, 2062524, 1933656, 98944, 45560, 22.0, 102396, 22508, 79888, 4, 0, 512, 0, 0, 0
1526155010, 1, 4, 55.6, 16.8, 8.2, 30.3, 0.0, 97.3, 2062524, 1976776, 55796, 43800, 22.0, 102396, 22488, 79908, 614, 0, 99744, 0, 8460, 0
1526155012, 3, 4, 45.6, 8.9, 20.2, 16.0, 0.8, 8.3, 2062524, 145196, 1890776, 1858756, 95.7, 102396, 97956, 4440, 1496, 30, 142328, 30008, 37860, 24820
1526155012, 3, 4, 50.0, 0.0, 0.0, 0.0, 50.0, 8.3, 2062524, 145188, 1890760, 1858260, 95.6, 102396, 97920, 4476, 20, 0, 1144, 0, 540, 0
1526155013, 4, 4, 56.8, 11.1, 8.3, 21.7, 15.6, 7.6, 2062524, 130520, 1905376, 1862832, 92.5, 102396, 94744, 7652, 548, 0, 24696, 0, 8380, 0
1526155014, 5, 4, 27.2, 4.3, 3.0, 14.6, 5.0, 7.5, 2062524, 127908, 1908408, 1860960, 91.5, 102396, 93692, 8704, 250, 20, 11760, 19504, 12820, 60520
1526155015, 6, 4, 28.4, 7.5, 0.0, 17.5, 3.0, 7.4, 2062524, 126424, 1909840, 1860316, 91.3, 102396, 93532, 8864, 138, 106, 4456, 80032, 3060, 361340
1526155016, 7, 4, 50.8, 7.4, 1.0, 37.3, 4.1, 7.8, 2062524, 131560, 1901628, 1837392, 90.3, 102396, 92444, 9952, 536, 128, 30760, 30952, 2580, 526780
1526155017, 8, 4, 47.2, 5.4, 18.5, 22.1, 2.0, 8.0, 2062524, 135856, 1897240, 1813588, 89.8, 102396, 91912, 10484, 696, 0, 40160, 0, 1100, 0
1526155018, 9, 4, 97.2, 11.6, 33.7, 10.4, 40.2, 8.4, 2062524, 144556, 1888372, 1796636, 88.9, 102396, 91040, 11356, 494, 8, 16840, 200, 620, 20
1526155019, 10, 4, 74.4, 0.0, 1.0, 3.1, 70.8, 9.1, 2062524, 157768, 1875124, 1775432, 88.7, 102396, 90864, 11532, 942, 0, 15968, 0, 760, 0
1526155020, 11, 4, 102.8, 2.0, 0.0, 0.0, 100.0, 9.0, 2062524, 156004, 1876912, 1777168, 88.7, 102396, 90836, 11560, 0, 0, 0, 0, 0, 0
1526155021, 12, 4, 70.0, 16.2, 4.0, 51.6, 10.0, 8.8, 2062524, 150972, 1881972, 1781716, 88.7, 102396, 90784, 11612, 40, 8, 1104, 184, 40, 1720
1526155022, 13, 4, 44.4, 12.6, 15.2, 0.0, 16.7, 10.1, 2062524, 176384, 1853460, 1766588, 88.7, 102396, 90780, 11616, 4, 0, 64, 0, 0, 0
1526155023, 14, 4, 16.4, 7.4, 2.0, 0.0, 7.0, 9.6, 2062524, 166304, 1863540, 1766704, 88.6, 102396, 90764, 11632, 0, 0, 0, 0, 0, 0
1526155024, 15, 4, 18.0, 8.3, 1.0, 0.0, 8.9, 9.6, 2062524, 165848, 1863996, 1766704, 88.4, 102396, 90556, 11840, 0, 0, 0, 0, 0, 0
1526155025, 16, 4, 8.0, 2.1, 0.0, 0.0, 6.0, 9.6, 2062524, 166120, 1863724, 1766828, 88.4, 102396, 90556, 11840, 0, 0, 0, 0, 0, 0
1526155026, 17, 4, 10.4, 6.2, 1.0, 0.0, 3.1, 9.6, 2062524, 165728, 1864116, 1766828, 88.4, 102396, 90552, 11844, 0, 0, 0, 0, 0, 0
1526155027, 18, 4, 10.0, 1.1, 1.0, 0.0, 8.0, 9.6, 2062524, 166204, 1863640, 1766704, 88.4, 102396, 90552, 11844, 0, 4, 0, 88, 0, 0
1526155028, 19, 4, 12.0, 4.3, 1.0, 1.0, 5.9, 9.6, 2062524, 165372, 1864472, 1766704, 88.4, 102396, 90552, 11844, 0, 0, 0, 0, 0, 0
1526155029, 20, 4, 20.4, 10.5, 1.0, 0.0, 8.9, 9.6, 2062524, 165804, 1864040, 1766712, 88.4, 102396, 90552, 11844, 0, 0, 0, 0, 0, 0
1526155030, 21, 4, 41.2, 17.8, 5.1, 0.0, 18.4, 9.6, 2062524, 166228, 1863616, 1766712, 88.4, 102396, 90528, 11868, 0, 0, 0, 0, 0, 0
1526155031, 22, 4, 12.4, 4.3, 1.0, 0.0, 7.2, 9.6, 2062524, 166228, 1863616, 1766712, 88.4, 102396, 90524, 11872, 0, 0, 0, 0, 0, 0
1526155032, 23, 4, 10.0, 2.1, 0.0, 0.0, 8.0, 9.6, 2062524, 166196, 1863648, 1766712, 88.4, 102396, 90524, 11872, 0, 0, 0, 0, 0, 0
1526155033, 24, 4, 7.2, 0.0, 1.0, 0.0, 5.9, 9.6, 2062524, 165240, 1864604, 1766836, 88.4, 102396, 90524, 11872, 0, 0, 0, 0, 0, 0
1526155034, 25, 4, 41.6, 2.2, 10.0, 0.0, 28.4, 9.6, 2062524, 165272, 1864572, 1766804, 88.4, 102396, 90516, 11880, 0, 0, 0, 0, 0, 0
1526155035, 26, 4, 8.0, 0.0, 0.0, 0.0, 7.9, 9.6, 2062524, 165272, 1864572, 1766804, 88.4, 102396, 90516, 11880, 0, 0, 0, 0, 0, 0
1526155036, 27, 4, 16.4, 9.6, 5.9, 0.0, 1.0, 9.6, 2062524, 165272, 1864572, 1766804, 88.4, 102396, 90516, 11880, 0, 0, 0, 0, 0, 0
1526155037, 28, 4, 10.0, 7.4, 1.0, 1.0, 1.0, 9.6, 2062524, 165388, 1864452, 1766440, 88.3, 102396, 90388, 12008, 36, 0, 872, 0, 40, 0
1526155038, 29, 4, 2.0, 1.1, 0.0, 0.0, 1.0, 9.6, 2062524, 165388, 1864452, 1766440, 88.3, 102396, 90388, 12008, 0, 0, 0, 0, 0, 0
1526155039, 30, 4, 5.2, 4.2, 0.0, 0.0, 1.0, 9.6, 2062524, 165388, 1864452, 1766440, 88.3, 102396, 90388, 12008, 0, 0, 0, 0, 0, 0
1526155040, 31, 4, 2.0, 0.0, 1.0, 0.0, 1.0, 9.6, 2062524, 165388, 1864452, 1766440, 88.3, 102396, 90384, 12012, 0, 0, 0, 0, 0, 0
1526155041, 32, 4, 7.2, 4.2, 1.0, 0.0, 2.0, 9.6, 2062524, 165388, 1864452, 1766440, 88.3, 102396, 90384, 12012, 0, 0, 0, 0, 0, 0
1526155042, 33, 4, 5.2, 3.2, 1.0, 0.0, 1.0, 9.6, 2062524, 165364, 1864476, 1766464, 88.3, 102396, 90380, 12016, 0, 0, 0, 0, 0, 0
1526155043, 34, 4, 2.0, 0.0, 0.0, 1.0, 1.0, 9.6, 2062524, 165356, 1864476, 1766464, 88.3, 102396, 90380, 12016, 0, 6, 0, 40, 0, 0
1526155044, 35, 4, 6.0, 4.2, 0.0, 0.0, 2.0, 9.6, 2062524, 165356, 1864476, 1766464, 88.3, 102396, 90380, 12016, 0, 0, 0, 0, 0, 0
1526155045, 36, 4, 1.2, 0.0, 0.0, 0.0, 1.0, 9.6, 2062524, 165356, 1864476, 1766464, 88.3, 102396, 90380, 12016, 0, 0, 0, 0, 0, 0
1526155046, 37, 4, 5.2, 4.2, 0.0, 0.0, 1.0, 9.6, 2062524, 165356, 1864476, 1766464, 88.3, 102396, 90380, 12016, 0, 0, 0, 0, 0, 0
1526155047, 38, 4, 5.2, 4.2, 0.0, 0.0, 1.0, 9.6, 2062524, 165356, 1864476, 1766464, 88.3, 102396, 90380, 12016, 0, 0, 0, 0, 0, 0
1526155048, 39, 4, 4.0, 0.0, 1.0, 2.0, 1.0, 9.6, 2062524, 165156, 1864676, 1766656, 88.3, 102396, 90380, 12016, 4, 92, 16, 632, 20, 3260
1526155049, 40, 4, 7.2, 3.2, 1.0, 1.0, 2.0, 9.6, 2062524, 165156, 1864676, 1766656, 88.3, 102396, 90380, 12016, 0, 0, 0, 0, 0, 0
1526155050, 41, 4, 6.0, 3.2, 2.0, 0.0, 1.0, 9.6, 2062524, 165156, 1864676, 1766656, 88.3, 102396, 90380, 12016, 0, 0, 0, 0, 0, 0
1526155051, 42, 4, 3.2, 0.0, 1.0, 1.0, 1.0, 9.6, 2062524, 165180, 1864652, 1766632, 88.3, 102396, 90380, 12016, 0, 0, 0, 0, 0, 0
1526155052, 43, 4, 5.2, 4.2, 0.0, 0.0, 1.0, 9.6, 2062524, 165180, 1864652, 1766624, 88.3, 102396, 90380, 12016, 0, 0, 0, 0, 0, 0
1526155053, 44, 4, 5.2, 3.2, 0.0, 1.0, 1.0, 9.6, 2062524, 165172, 1864652, 1766624, 88.3, 102396, 90380, 12016, 0, 4, 0, 152, 0, 0
1526155054, 45, 4, 2.0, 0.0, 1.0, 0.0, 1.0, 9.6, 2062524, 165172, 1864652, 1766624, 88.3, 102396, 90380, 12016, 0, 0, 0, 0, 0, 0
1526155055, 46, 4, 6.0, 3.2, 1.0, 1.0, 1.0, 9.6, 2062524, 165172, 1864652, 1766624, 88.3, 102396, 90380, 12016, 0, 0, 0, 0, 0, 0
1526155056, 47, 4, 5.2, 4.2, 0.0, 0.0, 1.0, 9.6, 2062524, 165172, 1864652, 1766624, 88.3, 102396, 90380, 12016, 0, 0, 0, 0, 0, 0
1526155057, 48, 4, 0.0, 0.0, 0.0, 0.0, 0.0, 9.6, 2062524, 165172, 1864652, 1766624, 88.3, 102396, 90380, 12016, 0, 0, 0, 0, 0, 0
1526155058, 49, 4, 7.2, 3.2, 1.0, 2.0, 1.0, 9.6, 2062524, 165172, 1864652, 1766624, 88.3, 102396, 90380, 12016, 0, 0, 0, 0, 0, 0
1526155059, 50, 4, 5.2, 3.2, 1.0, 0.0, 1.0, 9.6, 2062524, 165172, 1864652, 1766624, 88.2, 102396, 90324, 12072, 20, 0, 160, 0, 0, 0
1526155060, 51, 4, 2.0, 0.0, 1.0, 0.0, 1.0, 9.6, 2062524, 165296, 1864528, 1766500, 88.2, 102396, 90324, 12072, 0, 0, 0, 0, 0, 0
1526155061, 52, 4, 6.0, 4.2, 0.0, 0.0, 2.0, 9.6, 2062524, 165296, 1864528, 1766500, 88.2, 102396, 90324, 12072, 0, 0, 0, 0, 0, 0
1526155062, 53, 4, 15.2, 5.2, 2.0, 4.0, 4.0, 9.6, 2062524, 165960, 1863840, 1764268, 88.2, 102396, 90316, 12080, 52, 12, 1032, 72, 80, 0
1526155063, 54, 4, 3.2, 1.0, 0.0, 0.0, 2.0, 9.6, 2062524, 165960, 1863840, 1764268, 88.2, 102396, 90316, 12080, 0, 0, 0, 0, 0, 0
1526155064, 55, 4, 7.2, 3.2, 2.0, 0.0, 2.0, 9.6, 2062524, 165960, 1863840, 1764268, 88.2, 102396, 90316, 12080, 0, 0, 0, 0, 0, 0
1526155065, 56, 4, 3.2, 0.0, 1.0, 0.0, 2.0, 9.6, 2062524, 165960, 1863840, 1764268, 88.2, 102396, 90316, 12080, 0, 0, 0, 0, 0, 0
1526155066, 57, 4, 5.2, 4.2, 0.0, 0.0, 1.0, 9.6, 2062524, 165960, 1863840, 1764268, 88.2, 102396, 90316, 12080, 0, 0, 0, 0, 0, 0
1526155067, 58, 4, 6.0, 4.2, 0.0, 0.0, 2.0, 9.6, 2062524, 165960, 1863840, 1764268, 88.2, 102396, 90316, 12080, 0, 0, 0, 0, 0, 0
1526155068, 59, 4, 3.2, 1.1, 1.0, 0.0, 1.0, 9.6, 2062524, 165952, 1863840, 1764268, 88.2, 102396, 90316, 12080, 0, 4, 0, 24, 0, 0
1526155069, 60, 4, 7.2, 3.2, 1.0, 0.0, 3.0, 9.6, 2062524, 165952, 1863840, 1764268, 88.2, 102396, 90316, 12080, 0, 0, 0, 0, 0, 0
1526155070, 61, 4, 47.6, 4.3, 2.0, 36.6, 3.9, 9.7, 2062524, 166652, 1863180, 1763376, 2.1, 4296696, 90316, 4206380, 18, 0, 416, 0, 0, 0
1526155071, 62, 4, 1.2, 0.0, 0.0, 0.0, 1.0, 9.7, 2062524, 166628, 1863204, 1763400, 2.1, 4296696, 90316, 4206380, 0, 0, 0, 0, 0, 0
1526155072, 63, 4, 8.0, 4.2, 2.9, 0.0, 1.0, 9.7, 2062524, 166628, 1863204, 1763392, 2.1, 4296696, 90316, 4206380, 0, 0, 0, 0, 0, 0
1526155073, 64, 4, 5.2, 3.2, 0.0, 1.0, 1.0, 9.7, 2062524, 166628, 1863204, 1763392, 2.1, 4296696, 90316, 4206380, 0, 0, 0, 0, 0, 0
1526155074, 65, 4, 5.2, 1.0, 1.0, 1.0, 2.0, 9.7, 2062524, 166840, 1862980, 1763112, 2.1, 4296696, 90316, 4206380, 8, 0, 136, 0, 20, 0
1526155075, 66, 4, 5.2, 4.2, 0.0, 0.0, 1.0, 9.7, 2062524, 166800, 1863012, 1763144, 2.1, 4296696, 90316, 4206380, 0, 4, 0, 32, 0, 0
1526155076, 67, 4, 5.2, 4.2, 0.0, 0.0, 1.0, 9.7, 2062524, 166800, 1863012, 1763144, 2.1, 4296696, 90316, 4206380, 0, 0, 0, 0, 0, 0
1526155077, 68, 4, 2.0, 0.0, 1.0, 0.0, 1.0, 9.7, 2062524, 166800, 1863012, 1763144, 2.1, 4296696, 90316, 4206380, 0, 0, 0, 0, 0, 0
1526155078, 69, 4, 7.2, 4.2, 0.0, 0.0, 2.9, 9.7, 2062524, 166800, 1863012, 1763144, 2.1, 4296696, 90316, 4206380, 0, 0, 0, 0, 0, 0
1526155079, 70, 4, 17.2, 2.1, 3.1, 11.1, 1.0, 9.7, 2062524, 168056, 1861716, 1751712, 2.1, 4296696, 90316, 4206380, 534, 0, 20392, 0, 720, 0
1526155080, 71, 4, 64.8, 0.0, 56.1, 7.3, 1.0, 9.8, 2062524, 170000, 1859708, 1732988, 2.1, 4296696, 90316, 4206380, 776, 0, 33440, 0, 1320, 0
1526155081, 72, 4, 145.6, 43.6, 43.6, 28.6, 30.0, 10.2, 2062524, 177524, 1852160, 1703768, 2.1, 4296696, 90228, 4206468, 598, 0, 44136, 0, 1260, 0
1526155082, 73, 4, 63.6, 58.6, 0.0, 5.0, 0.0, 10.5, 2062524, 183652, 1845996, 1676852, 2.1, 4296696, 90220, 4206476, 736, 0, 40776, 0, 1120, 0
1526155083, 74, 4, 87.2, 81.7, 0.0, 2.0, 1.0, 10.8, 2062524, 189444, 1840248, 1664700, 2.1, 4296696, 90220, 4206476, 510, 0, 12792, 0, 520, 0
1526155084, 75, 4, 92.8, 34.7, 0.0, 1.0, 58.2, 11.0, 2062524, 193556, 1836144, 1658872, 2.1, 4296696, 90220, 4206476, 216, 0, 3424, 0, 260, 0
1526155085, 76, 4, 95.6, 1.0, 0.0, 2.0, 92.9, 11.3, 2062524, 199308, 1830380, 1651060, 2.1, 4296696, 90220, 4206476, 258, 0, 4120, 0, 200, 0
1526155086, 77, 4, 77.6, 1.0, 0.0, 1.0, 78.5, 11.6, 2062524, 207100, 1822588, 1638344, 2.1, 4296696, 90220, 4206476, 750, 4, 9904, 24, 620, 0
1526155087, 78, 4, 70.8, 2.1, 2.0, 61.0, 5.0, 11.8, 2062524, 211016, 1818680, 1617528, 2.1, 4296696, 90220, 4206476, 692, 0, 33832, 0, 780, 0
1526155088, 79, 4, 65.2, 2.1, 59.4, 4.1, 0.0, 12.2, 2062524, 218276, 1811420, 1597648, 2.1, 4296696, 90220, 4206476, 912, 36, 25024, 152, 1140, 1420
1526155089, 80, 4, 78.0, 1.0, 69.9, 4.0, 1.0, 12.6, 2062524, 227184, 1802540, 1578760, 2.1, 4296696, 90220, 4206476, 992, 0, 19088, 0, 640, 0
1526155090, 81, 4, 58.0, 2.1, 21.8, 7.4, 26.3, 12.9, 2062524, 233172, 1796500, 1553820, 2.1, 4296696, 90220, 4206476, 1178, 0, 37160, 0, 1360, 0
1526155091, 82, 4, 73.6, 1.1, 2.0, 7.6, 61.6, 13.2, 2062524, 239168, 1790512, 1536648, 2.1, 4296696, 90140, 4206556, 906, 0, 21528, 0, 980, 0
1526155092, 83, 4, 77.2, 13.3, 38.1, 5.1, 21.1, 13.5, 2062524, 245136, 1784620, 1516244, 2.1, 4296696, 89976, 4206720, 662, 0, 29248, 0, 1160, 0
1526155093, 84, 4, 105.6, 19.4, 3.0, 2.0, 80.4, 14.3, 2062524, 261320, 1768372, 1497828, 2.1, 4296696, 89924, 4206772, 90, 2, 4312, 8, 180, 0
1526155094, 85, 4, 102.0, 0.0, 1.0, 0.0, 100.0, 14.3, 2062524, 263072, 1766620, 1495944, 2.1, 4296696, 89924, 4206772, 2, 0, 256, 0, 0, 0
1526155095, 86, 4, 103.6, 1.0, 2.0, 0.0, 100.0, 14.5, 2062524, 265540, 1764144, 1493464, 2.1, 4296696, 89924, 4206772, 0, 4, 0, 40, 0, 0
1526155096, 87, 4, 102.4, 2.0, 0.0, 0.0, 100.0, 14.6, 2062524, 267276, 1762408, 1491728, 2.1, 4296696, 89924, 4206772, 0, 0, 0, 0, 0, 0
1526155097, 88, 4, 106.0, 3.1, 6.9, 4.0, 92.9, 25.9, 2062524, 500716, 1528976, 1256152, 2.1, 4296696, 89924, 4206772, 38, 0, 4272, 0, 100, 0
1526155098, 89, 4, 396.8, 97.0, 100.0, 100.0, 100.0, 40.3, 2062524, 797696, 1231996, 959172, 2.1, 4296696, 89924, 4206772, 0, 0, 0, 0, 0, 0
1526155099, 90, 4, 400.0, 100.0, 100.0, 100.0, 100.0, 44.9, 2062524, 892580, 1137112, 864288, 2.1, 4296696, 89924, 4206772, 0, 0, 0, 0, 0, 0
1526155100, 91, 4, 310.0, 70.4, 69.7, 100.0, 69.7, 46.8, 2062524, 932384, 1097308, 824484, 2.1, 4296696, 89924, 4206772, 0, 0, 0, 0, 0, 0
1526155101, 92, 4, 103.6, 3.1, 0.0, 0.0, 100.0, 46.9, 2062524, 934988, 1094704, 821880, 2.1, 4296696, 89924, 4206772, 0, 0, 0, 0, 0, 0
1526155102, 93, 4, 104.8, 3.1, 1.0, 0.0, 100.0, 52.9, 2062524, 1059228, 970456, 697632, 2.1, 4296696, 89924, 4206772, 0, 4, 0, 24, 0, 0
1526155103, 94, 4, 376.8, 92.9, 92.0, 91.8, 100.0, 72.3, 2062524, 1457640, 572052, 299220, 2.1, 4296696, 89924, 4206772, 0, 8, 0, 64, 0, 100
1526155104, 95, 4, 400.0, 100.0, 100.0, 100.0, 100.0, 76.9, 2062524, 1552748, 476944, 204112, 2.1, 4296696, 89924, 4206772, 0, 0, 0, 0, 0, 0
1526155105, 96, 4, 351.2, 84.5, 83.5, 83.0, 100.0, 83.4, 2062524, 1688216, 341476, 149916, 1.5, 4296696, 66480, 4230216, 2, 18, 8, 104, 0, 100
1526155106, 97, 4, 56.4, 7.4, 17.0, 15.5, 16.0, 80.2, 2062524, 1620388, 409248, 168452, 1.5, 4296696, 66480, 4230216, 602, 0, 97568, 0, 4900, 0
1526155107, 98, 4, 48.4, 4.3, 19.2, 23.5, 1.0, 83.1, 2062524, 1680152, 349468, 49040, 1.5, 4296696, 66480, 4230216, 702, 0, 119552, 0, 5540, 0
1526155108, 99, 4, 62.4, 5.3, 23.2, 17.7, 15.6, 85.9, 2062524, 1738808, 290764, 43072, 1.5, 4296696, 66480, 4230216, 696, 4, 119296, 88, 5580, 180
1526155109, 100, 4, 60.0, 0.0, 12.0, 30.9, 14.7, 88.9, 2062524, 1800148, 229488, 44412, 1.5, 4296696, 66400, 4230296, 734, 0, 120904, 0, 7560, 0
1526155110, 101, 4, 61.2, 5.3, 17.0, 29.5, 7.4, 90.9, 2062524, 1842252, 187336, 44908, 1.5, 4296696, 66400, 4230296, 500, 0, 85504, 0, 4740, 0
1526155111, 102, 4, 25.2, 3.2, 2.3, 19.0, 2.0, 93.4, 2062524, 1893400, 136144, 43296, 1.5, 4296696, 66288, 4230408, 598, 0, 101632, 0, 5960, 0
1526155112, 103, 4, 54.4, 1.1, 27.4, 23.7, 1.0, 95.8, 2062524, 1943892, 85720, 46024, 1.5, 4296696, 65960, 4230736, 594, 0, 101376, 0, 5600, 0
1526155113, 104, 4, 47.6, 2.8, 12.6, 29.9, 1.3, 97.6, 2062524, 1984948, 48924, 43728, 1.4, 4296696, 59324, 4237372, 1098, 16, 151424, 2104, 14420, 7140
1526155114, 105, 4, 28.4, 6.7, 0.0, 21.3, 2.0, 97.5, 2062524, 1981392, 51348, 44824, 1.5, 4296696, 64972, 4231724, 102, 74, 11448, 17736, 1840, 26660
1526155115, 106, 4, 167.2, 51.6, 70.7, 45.5, 1.0, 75.7, 2062524, 1529868, 500732, 489484, 1.5, 4296696, 63220, 4233476, 228, 350, 21152, 13352, 1320, 221020
1526155116, 107, 4, 59.2, 2.1, 0.0, 5.1, 52.0, 43.4, 2062524, 863836, 1166792, 1134092, 1.5, 4296696, 63204, 4233492, 496, 0, 42528, 0, 1120, 0
1526155117, 108, 4, 36.0, 3.3, 2.0, 12.1, 18.2, 43.6, 2062524, 867568, 1163100, 1117024, 1.5, 4296696, 63188, 4233508, 636, 0, 26616, 0, 840, 0
1526155118, 109, 4, 68.8, 9.5, 27.8, 13.4, 17.0, 44.1, 2062524, 878184, 1152500, 1082060, 1.5, 4296696, 63176, 4233520, 1004, 2, 48792, 8, 1760, 0
1526155119, 110, 4, 173.2, 32.2, 56.7, 33.0, 50.5, 45.2, 2062524, 899884, 1130740, 1045964, 1.5, 4296696, 63148, 4233548, 316, 0, 28744, 0, 840, 0
1526155120, 111, 4, 300.8, 69.8, 64.3, 69.1, 97.0, 46.0, 2062524, 917244, 1113380, 1028604, 1.5, 4296696, 63148, 4233548, 0, 0, 0, 0, 0, 0
1526155121, 112, 4, 306.0, 69.1, 63.6, 76.8, 96.0, 46.9, 2062524, 934592, 1096020, 1011244, 1.5, 4296696, 63148, 4233548, 0, 4, 0, 88, 0, 0
1526155122, 113, 4, 296.4, 69.5, 63.6, 66.0, 97.0, 47.7, 2062524, 951700, 1078908, 994132, 1.5, 4296696, 63148, 4233548, 0, 0, 0, 0, 0, 0
1526155123, 114, 4, 337.6, 77.4, 77.3, 84.8, 97.0, 48.8, 2062524, 975260, 1055392, 970572, 1.5, 4296696, 63148, 4233548, 0, 0, 0, 0, 0, 0
1526155124, 115, 4, 346.4, 98.0, 86.7, 83.7, 78.0, 50.4, 2062524, 1007520, 1023180, 938208, 1.5, 4296696, 63148, 4233548, 2, 0, 96, 0, 0, 0
1526155125, 116, 4, 364.8, 91.9, 90.9, 86.3, 95.9, 51.1, 2062524, 1022132, 1008568, 923576, 1.5, 4296696, 63140, 4233556, 4, 0, 16, 0, 0, 0
1526155126, 117, 4, 377.2, 93.0, 94.0, 93.0, 97.0, 51.1, 2062524, 1022060, 1008632, 923628, 1.5, 4296696, 63140, 4233556, 0, 4, 0, 32, 0, 20
1526155127, 118, 4, 374.8, 92.0, 91.8, 94.9, 96.1, 51.1, 2062524, 1022988, 1007700, 922684, 1.5, 4296696, 63140, 4233556, 0, 0, 0, 0, 0, 0
1526155128, 119, 4, 370.0, 90.9, 87.4, 94.8, 97.1, 51.1, 2062524, 1022304, 1008384, 923360, 1.5, 4296696, 63140, 4233556, 0, 0, 0, 0, 0, 0
1526155129, 120, 4, 376.8, 92.7, 92.0, 95.0, 97.0, 51.1, 2062524, 1022336, 1008348, 923304, 1.5, 4296696, 63132, 4233564, 8, 0, 32, 0, 20, 0
1526155130, 121, 4, 373.2, 87.9, 96.1, 91.8, 97.1, 51.1, 2062524, 1022576, 1008108, 923008, 1.5, 4296696, 63068, 4233628, 58, 0, 432, 0, 60, 0
1526155131, 122, 4, 373.6, 91.9, 93.9, 90.9, 97.0, 51.2, 2062524, 1023376, 1007300, 922188, 1.5, 4296696, 63068, 4233628, 0, 4, 0, 40, 0, 0
1526155132, 123, 4, 376.0, 94.9, 88.8, 96.0, 96.2, 51.2, 2062524, 1023340, 1007332, 922212, 1.5, 4296696, 63068, 4233628, 0, 0, 0, 0, 0, 0
1526155133, 124, 4, 376.0, 94.8, 92.0, 92.0, 97.1, 51.2, 2062524, 1024568, 1006120, 920972, 1.5, 4296696, 63064, 4233632, 0, 0, 0, 0, 0, 0
1526155134, 125, 4, 364.4, 93.9, 85.7, 91.7, 93.1, 51.2, 2062524, 1023200, 1007488, 922336, 1.5, 4296696, 63064, 4233632, 0, 0, 0, 0, 0, 0
1526155135, 126, 4, 340.0, 91.9, 86.9, 86.7, 74.5, 51.1, 2062524, 1022516, 1008148, 922884, 1.5, 4296696, 63064, 4233632, 2, 0, 256, 0, 20, 0
1526155136, 127, 4, 352.0, 90.6, 81.6, 89.8, 90.0, 51.1, 2062524, 1022748, 1007920, 922636, 1.5, 4296696, 63064, 4233632, 0, 4, 0, 32, 0, 20
1526155137, 128, 4, 359.6, 94.1, 86.6, 94.0, 84.7, 51.1, 2062524, 1022984, 1007684, 922388, 1.5, 4296696, 63064, 4233632, 0, 0, 0, 0, 0, 0
1526155138, 129, 4, 378.0, 98.0, 96.0, 97.0, 86.9, 51.2, 2062524, 1024140, 1006532, 921220, 1.5, 4296696, 63064, 4233632, 0, 0, 0, 0, 0, 0
1526155139, 130, 4, 358.0, 90.7, 86.6, 97.0, 83.8, 51.2, 2062524, 1023264, 1007404, 922088, 1.5, 4296696, 63064, 4233632, 0, 0, 0, 0, 0, 0
1526155140, 131, 4, 357.2, 90.8, 89.7, 96.0, 80.8, 51.2, 2062524, 1023380, 1007292, 921964, 1.5, 4296696, 63064, 4233632, 0, 0, 0, 0, 0, 0
1526155141, 132, 4, 362.4, 92.9, 88.0, 89.7, 91.9, 51.4, 2062524, 1027248, 1003416, 911276, 1.5, 4296696, 62376, 4234320, 488, 4, 15136, 40, 700, 20
1526155142, 133, 4, 352.0, 93.9, 88.0, 81.0, 89.0, 51.2, 2062524, 1024208, 1006492, 910680, 1.5, 4296696, 62376, 4234320, 0, 0, 0, 0, 0, 0
1526155143, 134, 4, 286.0, 81.1, 70.4, 70.4, 64.6, 51.2, 2062524, 1025192, 1005504, 909688, 1.5, 4296696, 62376, 4234320, 0, 0, 0, 0, 0, 0
1526155144, 135, 4, 344.8, 88.9, 75.8, 88.1, 92.0, 51.2, 2062524, 1023472, 1007224, 911400, 1.5, 4296696, 62368, 4234328, 0, 0, 0, 0, 0, 0
1526155145, 136, 4, 334.4, 89.6, 80.8, 77.8, 86.6, 51.2, 2062524, 1023188, 1007504, 911672, 1.5, 4296696, 62368, 4234328, 0, 0, 0, 0, 0, 0
1526155146, 137, 4, 340.0, 85.0, 93.0, 73.3, 88.8, 51.1, 2062524, 1022204, 1008484, 912640, 1.5, 4296696, 62368, 4234328, 0, 8, 0, 96, 0, 20
1526155147, 138, 4, 365.6, 89.9, 90.9, 89.9, 94.9, 51.1, 2062524, 1023092, 1007596, 911748, 1.5, 4296696, 62368, 4234328, 0, 0, 0, 0, 0, 0
1526155148, 139, 4, 376.4, 96.0, 93.7, 96.9, 89.9, 51.2, 2062524, 1024028, 1006672, 910804, 1.5, 4296696, 62364, 4234332, 2, 0, 8, 0, 0, 0
1526155149, 140, 4, 361.2, 95.0, 79.6, 96.1, 90.2, 51.3, 2062524, 1025280, 1005416, 909540, 1.5, 4296696, 62364, 4234332, 0, 0, 0, 0, 0, 0
1526155150, 141, 4, 356.4, 95.9, 79.8, 86.7, 94.0, 51.2, 2062524, 1024796, 1005904, 910012, 1.5, 4296696, 62364, 4234332, 0, 0, 0, 0, 0, 0
1526155151, 142, 4, 342.8, 96.9, 77.6, 84.5, 83.8, 51.2, 2062524, 1024676, 1006012, 910060, 1.5, 4296696, 62364, 4234332, 2, 20, 8, 784, 0, 380
1526155152, 143, 4, 347.6, 96.0, 92.7, 79.8, 79.4, 51.2, 2062524, 1024544, 1006144, 910184, 1.5, 4296696, 62364, 4234332, 0, 0, 0, 0, 0, 0
1526155153, 144, 4, 336.8, 97.9, 92.9, 71.4, 75.0, 51.2, 2062524, 1024560, 1006132, 910164, 1.5, 4296696, 62364, 4234332, 0, 0, 0, 0, 0, 0
1526155154, 145, 4, 349.2, 91.8, 84.0, 87.9, 85.9, 51.2, 2062524, 1024772, 1005920, 909936, 1.5, 4296696, 62364, 4234332, 0, 0, 0, 0, 0, 0
1526155155, 146, 4, 364.0, 97.1, 87.0, 89.8, 90.1, 51.2, 2062524, 1024884, 1005804, 909812, 1.5, 4296696, 62356, 4234340, 4, 0, 16, 0, 0, 0
1526155156, 147, 4, 353.2, 91.8, 93.9, 87.6, 79.8, 51.2, 2062524, 1023920, 1006756, 910760, 1.5, 4296696, 62356, 4234340, 0, 4, 0, 32, 0, 0
1526155157, 148, 4, 353.6, 96.0, 86.7, 86.9, 82.8, 51.2, 2062524, 1024732, 1005944, 909936, 1.5, 4296696, 62356, 4234340, 0, 0, 0, 0, 0, 0
1526155158, 149, 4, 337.6, 92.1, 84.4, 82.7, 79.4, 51.2, 2062524, 1024728, 1005952, 909936, 1.5, 4296696, 62356, 4234340, 0, 0, 0, 0, 0, 0
1526155159, 150, 4, 364.8, 92.9, 89.9, 89.1, 92.9, 51.2, 2062524, 1024544, 1006136, 910112, 1.5, 4296696, 62356, 4234340, 0, 0, 0, 0, 0, 0
1526155160, 151, 4, 380.0, 97.0, 91.1, 94.8, 97.1, 51.2, 2062524, 1023492, 1007188, 911156, 1.5, 4296696, 62356, 4234340, 0, 0, 0, 0, 0, 0
1526155161, 152, 4, 384.8, 96.9, 93.9, 97.0, 96.9, 51.2, 2062524, 1024520, 1006156, 910112, 1.5, 4296696, 62352, 4234344, 0, 6, 0, 80, 0, 20
1526155162, 153, 4, 353.6, 86.7, 83.0, 96.0, 88.0, 51.2, 2062524, 1023564, 1007104, 911052, 1.5, 4296696, 62352, 4234344, 0, 0, 0, 0, 0, 0
1526155163, 154, 4, 352.0, 90.9, 88.9, 82.3, 89.9, 51.2, 2062524, 1023304, 1007364, 911300, 1.5, 4296696, 62352, 4234344, 0, 0, 0, 0, 0, 0
1526155164, 155, 4, 362.8, 94.1, 89.8, 85.7, 93.0, 51.1, 2062524, 1022748, 1007920, 911848, 1.5, 4296696, 62352, 4234344, 0, 0, 0, 0, 0, 0
1526155165, 156, 4, 352.0, 92.7, 86.1, 90.8, 82.5, 51.2, 2062524, 1024156, 1006536, 910432, 1.5, 4296696, 62352, 4234344, 0, 0, 0, 0, 0, 0
1526155166, 157, 4, 343.6, 85.6, 87.9, 89.9, 80.2, 51.2, 2062524, 1024392, 1006300, 910184, 1.5, 4296696, 62352, 4234344, 0, 0, 0, 0, 0, 0
1526155167, 158, 4, 338.4, 82.3, 87.9, 78.4, 89.8, 51.2, 2062524, 1023676, 1007008, 910880, 1.5, 4296696, 62352, 4234344, 0, 4, 0, 32, 0, 20
1526155168, 159, 4, 357.2, 90.8, 89.6, 81.4, 95.0, 51.2, 2062524, 1023620, 1007068, 910928, 1.5, 4296696, 62352, 4234344, 0, 0, 0, 0, 0, 0
1526155169, 160, 4, 355.6, 93.7, 84.4, 87.6, 89.8, 51.2, 2062524, 1023712, 1006948, 909912, 1.5, 4296696, 62328, 4234368, 44, 0, 1848, 0, 140, 0
1526155170, 161, 4, 349.2, 97.0, 80.6, 84.7, 87.0, 51.2, 2062524, 1023232, 1007428, 910384, 1.5, 4296696, 62328, 4234368, 0, 0, 0, 0, 0, 0
1526155171, 162, 4, 360.4, 93.8, 86.1, 89.9, 90.8, 51.2, 2062524, 1023668, 1006988, 909936, 1.5, 4296696, 62324, 4234372, 0, 2, 0, 8, 0, 0
1526155172, 163, 4, 369.6, 95.9, 94.0, 92.9, 87.0, 51.2, 2062524, 1024168, 1006488, 909420, 1.5, 4296696, 62324, 4234372, 0, 4, 0, 40, 0, 0
1526155173, 164, 4, 342.0, 77.9, 84.2, 96.0, 83.5, 51.2, 2062524, 1023220, 1007436, 910360, 1.5, 4296696, 62324, 4234372, 0, 0, 0, 0, 0, 0
1526155174, 165, 4, 337.6, 87.2, 82.7, 77.2, 90.7, 51.1, 2062524, 1023040, 1007616, 910532, 1.5, 4296696, 62324, 4234372, 0, 0, 0, 0, 0, 0
1526155175, 166, 4, 351.2, 89.8, 82.5, 89.1, 89.8, 51.2, 2062524, 1023876, 1006780, 909688, 1.5, 4296696, 62324, 4234372, 0, 0, 0, 0, 0, 0
1526155176, 167, 4, 371.6, 93.9, 91.8, 95.9, 89.9, 51.2, 2062524, 1024860, 1005820, 908696, 1.5, 4296696, 62324, 4234372, 0, 0, 0, 0, 0, 0
1526155177, 168, 4, 347.6, 86.6, 90.1, 81.8, 89.0, 51.2, 2062524, 1023260, 1007412, 910284, 1.5, 4296696, 62324, 4234372, 0, 4, 0, 32, 0, 0
1526155178, 169, 4, 356.0, 97.0, 88.0, 85.9, 84.8, 51.1, 2062524, 1022428, 1008240, 911104, 1.5, 4296696, 62320, 4234376, 2, 0, 8, 0, 0, 0
1526155179, 170, 4, 353.2, 98.0, 86.7, 84.8, 83.5, 51.1, 2062524, 1022688, 1007924, 910708, 1.5, 4296696, 62308, 4234388, 4, 0, 264, 0, 0, 0
1526155180, 171, 4, 363.6, 95.9, 86.9, 85.7, 95.0, 51.2, 2062524, 1024600, 1006024, 908752, 1.5, 4296696, 62308, 4234388, 0, 0, 0, 0, 0, 0
1526155181, 172, 4, 356.4, 90.8, 87.9, 91.8, 85.9, 51.2, 2062524, 1024164, 1006516, 909176, 1.5, 4296696, 62308, 4234388, 0, 8, 0, 656, 0, 40
1526155182, 173, 4, 377.6, 92.9, 99.0, 90.8, 94.9, 51.2, 2062524, 1023752, 1006928, 909572, 1.5, 4296696, 62308, 4234388, 0, 4, 0, 56, 0, 20
1526155183, 174, 4, 379.2, 96.0, 96.1, 94.1, 93.0, 51.2, 2062524, 1024316, 1006364, 909004, 1.5, 4296696, 62308, 4234388, 0, 0, 0, 0, 0, 0
1526155184, 175, 4, 374.8, 91.8, 91.8, 95.0, 96.0, 51.2, 2062524, 1024972, 1005704, 908332, 1.5, 4296696, 62308, 4234388, 0, 0, 0, 0, 0, 0
1526155185, 176, 4, 374.8, 93.9, 95.0, 95.0, 90.9, 51.2, 2062524, 1023948, 1006728, 909352, 1.5, 4296696, 62308, 4234388, 0, 0, 0, 0, 0, 0
1526155186, 177, 4, 378.8, 94.0, 94.9, 93.0, 96.9, 51.2, 2062524, 1024036, 1006640, 909256, 1.5, 4296696, 62308, 4234388, 0, 10, 0, 40, 0, 20
1526155187, 178, 4, 377.6, 96.9, 89.9, 93.9, 97.0, 51.2, 2062524, 1023972, 1006704, 909308, 1.5, 4296696, 62308, 4234388, 0, 4, 0, 32, 0, 0
1526155188, 179, 4, 378.0, 93.9, 93.1, 94.1, 97.0, 51.2, 2062524, 1024976, 1005700, 908284, 1.5, 4296696, 62308, 4234388, 0, 0, 0, 0, 0, 0
1526155189, 180, 4, 379.6, 96.0, 94.9, 96.0, 92.9, 51.3, 2062524, 1025240, 1005436, 908012, 1.5, 4296696, 62308, 4234388, 0, 0, 0, 0, 0, 0
1526155190, 181, 4, 372.4, 90.7, 88.8, 94.9, 97.9, 51.2, 2062524, 1024988, 1005688, 908260, 1.5, 4296696, 62308, 4234388, 0, 0, 0, 0, 0, 0
1526155191, 182, 4, 380.0, 95.0, 97.0, 91.8, 96.1, 51.2, 2062524, 1024928, 1005744, 908308, 1.5, 4296696, 62308, 4234388, 0, 0, 0, 0, 0, 0
1526155192, 183, 4, 362.8, 92.9, 92.0, 90.8, 87.0, 51.2, 2062524, 1024984, 1005688, 908236, 1.5, 4296696, 62308, 4234388, 0, 4, 0, 40, 0, 20
1526155193, 184, 4, 370.8, 98.0, 89.0, 98.0, 86.3, 51.2, 2062524, 1024636, 1006036, 908580, 1.5, 4296696, 62308, 4234388, 0, 0, 0, 0, 0, 0
1526155194, 185, 4, 356.4, 92.9, 83.5, 89.9, 90.0, 51.1, 2062524, 1023016, 1007652, 910192, 1.5, 4296696, 62308, 4234388, 0, 0, 0, 0, 0, 0
1526155195, 186, 4, 374.8, 99.0, 87.1, 93.9, 94.9, 51.2, 2062524, 1023756, 1006916, 909448, 1.5, 4296696, 62308, 4234388, 0, 0, 0, 0, 0, 0
1526155196, 187, 4, 376.0, 96.9, 96.1, 94.9, 88.1, 51.2, 2062524, 1024092, 1006588, 909108, 1.5, 4296696, 62308, 4234388, 0, 0, 0, 0, 0, 0
1526155197, 188, 4, 345.6, 90.6, 73.0, 90.9, 91.2, 51.1, 2062524, 1022992, 1007688, 910192, 1.5, 4296696, 62308, 4234388, 0, 4, 0, 32, 0, 0
1526155198, 189, 4, 364.0, 94.8, 89.0, 91.2, 89.1, 51.2, 2062524, 1023728, 1006948, 909448, 1.5, 4296696, 62308, 4234388, 0, 0, 0, 0, 0, 0
1526155199, 190, 4, 368.0, 93.9, 82.5, 93.9, 98.0, 51.1, 2062524, 1022852, 1007824, 910316, 1.5, 4296696, 62308, 4234388, 0, 0, 0, 0, 0, 0
1526155200, 191, 4, 354.0, 85.6, 93.9, 94.9, 79.8, 51.2, 2062524, 1023964, 1006712, 909200, 1.5, 4296696, 62308, 4234388, 0, 0, 0, 0, 0, 0
1526155201, 192, 4, 368.0, 94.0, 88.9, 92.9, 92.1, 51.2, 2062524, 1024776, 1005888, 908780, 1.4, 4296696, 62284, 4234412, 12, 8, 976, 32, 60, 0
1526155202, 193, 4, 367.6, 94.9, 90.7, 90.9, 90.9, 51.2, 2062524, 1024332, 1006340, 908332, 1.4, 4296696, 62284, 4234412, 0, 4, 0, 40, 0, 0
1526155203, 194, 4, 384.0, 92.0, 99.0, 96.9, 96.0, 51.2, 2062524, 1024052, 1006628, 908608, 1.4, 4296696, 62284, 4234412, 0, 0, 0, 0, 0, 0
1526155204, 195, 4, 348.0, 98.0, 88.9, 90.3, 70.7, 51.1, 2062524, 1022904, 1007776, 909748, 1.4, 4296696, 62284, 4234412, 0, 0, 0, 0, 0, 0
1526155205, 196, 4, 349.2, 98.0, 88.0, 78.8, 84.3, 51.1, 2062524, 1022700, 1007976, 909944, 1.4, 4296696, 62284, 4234412, 0, 0, 0, 0, 0, 0
1526155206, 197, 4, 361.2, 86.0, 92.9, 94.1, 88.2, 51.1, 2062524, 1022744, 1007932, 909896, 1.4, 4296696, 62284, 4234412, 0, 0, 0, 0, 0, 0
1526155207, 198, 4, 376.0, 94.9, 94.0, 90.8, 96.0, 51.1, 2062524, 1022680, 1007988, 909944, 1.4, 4296696, 62284, 4234412, 0, 4, 0, 32, 0, 0
1526155208, 199, 4, 376.0, 98.0, 89.0, 91.8, 97.0, 51.2, 2062524, 1024088, 1006580, 908532, 1.4, 4296696, 62284, 4234412, 0, 0, 0, 0, 0, 0
1526155209, 200, 4, 367.6, 91.8, 93.9, 85.9, 96.0, 51.2, 2062524, 1025072, 1005608, 907540, 1.4, 4296696, 62284, 4234412, 0, 0, 0, 0, 0, 0
1526155210, 201, 4, 358.8, 89.2, 93.1, 87.5, 88.8, 51.2, 2062524, 1024000, 1006680, 908608, 1.4, 4296696, 62276, 4234420, 2, 0, 32, 0, 0, 0
1526155211, 202, 4, 359.2, 96.0, 89.9, 82.8, 90.7, 51.2, 2062524, 1025096, 1005548, 906596, 1.4, 4296696, 62256, 4234440, 30, 2, 1880, 40, 60, 0
1526155212, 203, 4, 348.4, 91.9, 88.0, 80.6, 87.9, 51.2, 2062524, 1024796, 1005916, 906300, 1.4, 4296696, 62236, 4234460, 18, 4, 1512, 56, 100, 0
1526155213, 204, 4, 346.0, 84.2, 88.1, 84.4, 89.1, 51.2, 2062524, 1023596, 1006952, 907216, 1.4, 4296696, 62200, 4234496, 4, 0, 48, 0, 0, 0
1526155214, 205, 4, 361.6, 90.7, 91.8, 87.1, 92.1, 51.2, 2062524, 1023360, 1007216, 907444, 1.4, 4296696, 62200, 4234496, 0, 0, 0, 0, 0, 0
1526155215, 206, 4, 376.8, 96.9, 93.9, 90.2, 96.0, 51.2, 2062524, 1024200, 1006380, 906596, 1.4, 4296696, 62200, 4234496, 0, 0, 0, 0, 0, 0
1526155216, 207, 4, 358.8, 87.8, 90.7, 85.6, 94.8, 51.2, 2062524, 1023200, 1007376, 907588, 1.4, 4296696, 62200, 4234496, 0, 2, 0, 544, 0, 0
1526155217, 208, 4, 356.4, 92.9, 85.6, 91.9, 86.1, 51.2, 2062524, 1023188, 1007440, 907588, 1.4, 4296696, 62200, 4234496, 0, 4, 0, 56, 0, 0
1526155218, 209, 4, 352.4, 84.7, 91.0, 84.5, 92.1, 51.2, 2062524, 1024472, 1006156, 906300, 1.4, 4296696, 62200, 4234496, 0, 0, 0, 0, 0, 0
1526155219, 210, 4, 342.4, 88.4, 88.8, 75.7, 90.0, 51.2, 2062524, 1024412, 1006212, 906348, 1.4, 4296696, 62200, 4234496, 0, 0, 0, 0, 0, 0
1526155220, 211, 4, 345.6, 84.2, 89.8, 83.7, 87.9, 51.2, 2062524, 1023416, 1007208, 907340, 1.4, 4296696, 62200, 4234496, 0, 0, 0, 0, 0, 0
1526155221, 212, 4, 336.4, 86.5, 85.6, 86.0, 78.4, 51.2, 2062524, 1023208, 1007416, 907540, 1.4, 4296696, 62200, 4234496, 0, 16, 0, 72, 0, 60
1526155222, 213, 4, 372.0, 94.8, 88.1, 92.0, 97.0, 51.3, 2062524, 1025376, 1005256, 905356, 1.4, 4296696, 62200, 4234496, 0, 4, 0, 56, 0, 20
1526155223, 214, 4, 362.4, 92.9, 87.8, 91.0, 90.9, 51.2, 2062524, 1024628, 1006004, 906100, 1.4, 4296696, 62200, 4234496, 0, 0, 0, 0, 0, 0
1526155224, 215, 4, 366.0, 93.0, 91.1, 84.8, 97.0, 51.3, 2062524, 1025364, 1005268, 905356, 1.4, 4296696, 62200, 4234496, 0, 0, 0, 0, 0, 0
1526155225, 216, 4, 378.0, 95.0, 91.8, 94.1, 97.0, 51.2, 2062524, 1024360, 1006268, 906348, 1.4, 4296696, 62200, 4234496, 0, 0, 0, 0, 0, 0
1526155226, 217, 4, 366.0, 92.0, 84.2, 93.1, 97.0, 51.3, 2062524, 1025416, 1005208, 905284, 1.4, 4296696, 62200, 4234496, 0, 0, 0, 0, 0, 0
1526155227, 218, 4, 374.8, 95.0, 88.1, 94.9, 97.0, 51.3, 2062524, 1025248, 1005372, 905432, 1.4, 4296696, 62200, 4234496, 0, 4, 0, 32, 0, 0
1526155228, 219, 4, 377.6, 98.0, 93.8, 91.1, 94.9, 51.2, 2062524, 1025068, 1005556, 905604, 1.4, 4296696, 62200, 4234496, 0, 0, 0, 0, 0, 0
1526155229, 220, 4, 344.0, 92.8, 81.4, 82.3, 87.9, 51.3, 2062524, 1025428, 1005192, 905232, 1.4, 4296696, 62200, 4234496, 0, 0, 0, 0, 0, 0
1526155230, 221, 4, 367.6, 97.0, 94.0, 85.7, 90.9, 51.3, 2062524, 1026216, 1004408, 904440, 1.4, 4296696, 62200, 4234496, 0, 0, 0, 0, 0, 0
1526155231, 222, 4, 342.8, 79.6, 85.1, 88.3, 89.8, 51.2, 2062524, 1024200, 1006424, 906448, 1.4, 4296696, 62200, 4234496, 0, 2, 0, 8, 0, 0
1526155232, 223, 4, 343.2, 87.6, 80.0, 87.9, 87.6, 51.2, 2062524, 1023816, 1006804, 906820, 1.4, 4296696, 62200, 4234496, 0, 4, 0, 32, 0, 0
1526155233, 224, 4, 375.6, 93.9, 89.8, 96.9, 94.9, 51.2, 2062524, 1024520, 1006092, 906100, 1.4, 4296696, 62200, 4234496, 0, 0, 0, 0, 0, 0
1526155234, 225, 4, 377.6, 99.0, 86.9, 96.0, 95.9, 51.2, 2062524, 1025008, 1005608, 905604, 1.4, 4296696, 62200, 4234496, 0, 0, 0, 0, 0, 0
1526155235, 226, 4, 366.8, 91.8, 89.8, 97.0, 88.1, 51.3, 2062524, 1025244, 1005384, 905356, 1.4, 4296696, 62200, 4234496, 0, 0, 0, 0, 0, 0
1526155236, 227, 4, 363.6, 91.8, 84.2, 97.0, 91.0, 51.3, 2062524, 1025508, 1005120, 905084, 1.4, 4296696, 62200, 4234496, 0, 0, 0, 0, 0, 0
1526155237, 228, 4, 356.8, 90.7, 90.1, 83.2, 92.9, 51.2, 2062524, 1024604, 1006028, 905976, 1.4, 4296696, 62200, 4234496, 0, 4, 0, 32, 0, 0
1526155238, 229, 4, 373.6, 89.8, 95.0, 91.8, 97.0, 51.3, 2062524, 1025360, 1005268, 905208, 1.4, 4296696, 62200, 4234496, 0, 0, 0, 0, 0, 0
1526155239, 230, 4, 380.8, 93.9, 96.0, 94.0, 96.9, 51.3, 2062524, 1026440, 1004184, 904116, 1.4, 4296696, 62200, 4234496, 0, 0, 0, 0, 0, 0
1526155240, 231, 4, 376.0, 94.9, 92.1, 92.3, 97.0, 51.3, 2062524, 1025636, 1004992, 904916, 1.4, 4296696, 62200, 4234496, 0, 0, 0, 0, 0, 0
1526155241, 232, 4, 357.2, 88.8, 95.9, 82.7, 89.8, 51.3, 2062524, 1025180, 1005444, 905356, 1.4, 4296696, 62200, 4234496, 2, 8, 8, 80, 0, 20
1526155242, 233, 4, 372.0, 92.0, 86.9, 96.1, 97.0, 51.3, 2062524, 1025160, 1005468, 905356, 1.4, 4296696, 62200, 4234496, 0, 4, 0, 104, 0, 20
1526155243, 234, 4, 351.6, 91.8, 87.1, 82.7, 89.9, 51.3, 2062524, 1025396, 1005224, 905108, 1.4, 4296696, 62200, 4234496, 0, 0, 0, 0, 0, 0
1526155244, 235, 4, 366.8, 93.9, 93.9, 88.3, 90.8, 51.3, 2062524, 1025828, 1004800, 904664, 1.4, 4296696, 62200, 4234496, 0, 0, 0, 0, 0, 0
1526155245, 236, 4, 361.2, 98.0, 96.0, 82.4, 84.8, 51.3, 2062524, 1025708, 1004920, 904736, 1.4, 4296696, 62200, 4234496, 0, 0, 0, 0, 0, 0
1526155246, 237, 4, 339.6, 85.9, 74.7, 85.6, 92.9, 51.3, 2062524, 1025452, 1005176, 904984, 1.4, 4296696, 62200, 4234496, 0, 4, 0, 56, 0, 0
1526155247, 238, 4, 358.8, 89.6, 90.9, 86.2, 91.8, 51.2, 2062524, 1024560, 1006056, 905852, 1.4, 4296696, 62200, 4234496, 0, 4, 0, 56, 0, 0
1526155248, 239, 4, 342.4, 91.6, 91.9, 79.8, 78.9, 51.2, 2062524, 1024300, 1006296, 905976, 1.4, 4296696, 62200, 4234496, 2, 0, 256, 0, 20, 0
1526155249, 240, 4, 148.8, 49.5, 47.5, 29.6, 23.0, 51.3, 2062524, 1025384, 1005248, 901216, 1.4, 4296696, 62188, 4234508, 62, 0, 7352, 0, 160, 0
1526155250, 241, 4, 284.0, 57.9, 63.6, 85.3, 76.0, 51.3, 2062524, 1026792, 1003840, 899804, 1.4, 4296696, 62188, 4234508, 0, 0, 0, 0, 0, 0
1526155251, 242, 4, 355.2, 86.6, 89.8, 80.6, 98.0, 51.3, 2062524, 1025840, 1004792, 900748, 1.4, 4296696, 62188, 4234508, 0, 4, 0, 632, 0, 20
1526155252, 243, 4, 349.6, 83.7, 91.9, 84.2, 89.8, 51.3, 2062524, 1026800, 1003832, 899776, 1.4, 4296696, 62188, 4234508, 0, 0, 0, 0, 0, 0
1526155253, 244, 4, 347.6, 96.0, 83.8, 80.0, 87.8, 51.3, 2062524, 1025844, 1004788, 900720, 1.4, 4296696, 62188, 4234508, 0, 4, 0, 48, 0, 20
1526155254, 245, 4, 374.0, 92.9, 90.2, 94.1, 97.0, 51.3, 2062524, 1025812, 1004820, 900748, 1.4, 4296696, 62188, 4234508, 0, 0, 0, 0, 0, 0
1526155255, 246, 4, 366.8, 92.0, 89.9, 92.9, 91.9, 51.3, 2062524, 1026472, 1004160, 900076, 1.4, 4296696, 62188, 4234508, 0, 0, 0, 0, 0, 0
1526155256, 247, 4, 388.8, 96.0, 95.0, 98.0, 100.0, 51.3, 2062524, 1026764, 1003868, 899776, 1.4, 4296696, 62188, 4234508, 0, 24, 0, 96, 0, 180
1526155257, 248, 4, 358.4, 90.8, 88.8, 86.9, 91.9, 51.4, 2062524, 1028700, 1001932, 897792, 1.4, 4296696, 62188, 4234508, 0, 0, 0, 0, 0, 0
1526155258, 249, 4, 374.0, 92.9, 89.1, 93.9, 98.0, 51.4, 2062524, 1028756, 1001876, 897668, 1.4, 4296696, 62188, 4234508, 0, 4, 0, 32, 0, 0
1526155259, 250, 4, 382.8, 98.0, 90.1, 98.0, 97.0, 51.4, 2062524, 1028264, 1002368, 898144, 1.4, 4296696, 62188, 4234508, 0, 0, 0, 0, 0, 0
1526155260, 251, 4, 371.6, 91.0, 91.8, 92.8, 95.9, 51.4, 2062524, 1028084, 1002548, 898316, 1.4, 4296696, 62188, 4234508, 0, 0, 0, 0, 0, 0
1526155261, 252, 4, 342.8, 80.0, 81.4, 94.0, 87.0, 51.5, 2062524, 1030296, 1000336, 897100, 1.4, 4296696, 62184, 4234512, 4, 0, 16, 0, 0, 0
1526155262, 253, 4, 362.0, 98.0, 81.4, 92.9, 90.1, 51.4, 2062524, 1029116, 1001516, 897272, 1.4, 4296696, 62184, 4234512, 0, 0, 0, 0, 0, 0
1526155263, 254, 4, 355.2, 91.9, 87.5, 84.7, 91.0, 51.4, 2062524, 1028728, 1001904, 897644, 1.4, 4296696, 62184, 4234512, 0, 4, 0, 40, 0, 0
1526155264, 255, 4, 365.6, 90.8, 86.9, 93.1, 94.8, 51.4, 2062524, 1028200, 1002432, 898164, 1.4, 4296696, 62184, 4234512, 0, 0, 0, 0, 0, 0
1526155265, 256, 4, 344.8, 74.2, 88.8, 92.9, 88.9, 51.4, 2062524, 1027448, 1003184, 898908, 1.4, 4296696, 62184, 4234512, 0, 0, 0, 0, 0, 0
1526155266, 257, 4, 351.2, 90.7, 84.8, 90.0, 85.6, 51.4, 2062524, 1028676, 1001956, 897668, 1.4, 4296696, 62184, 4234512, 0, 0, 0, 0, 0, 0
1526155267, 258, 4, 363.6, 90.7, 83.2, 98.0, 91.8, 51.4, 2062524, 1028172, 1002460, 898164, 1.4, 4296696, 62184, 4234512, 0, 0, 0, 0, 0, 0
1526155268, 259, 4, 356.0, 93.9, 83.3, 97.0, 81.8, 51.4, 2062524, 1028184, 1002448, 898140, 1.4, 4296696, 62184, 4234512, 0, 4, 0, 32, 0, 20
1526155269, 260, 4, 354.8, 92.8, 86.0, 78.2, 98.0, 51.4, 2062524, 1028172, 1002460, 898144, 1.4, 4296696, 62184, 4234512, 0, 0, 0, 0, 0, 0
1526155270, 261, 4, 356.4, 88.8, 91.8, 78.6, 98.0, 51.4, 2062524, 1028764, 1001868, 897544, 1.4, 4296696, 62184, 4234512, 0, 0, 0, 0, 0, 0
1526155271, 262, 4, 344.0, 79.8, 92.0, 84.0, 88.0, 51.4, 2062524, 1027936, 1002696, 898364, 1.4, 4296696, 62184, 4234512, 0, 0, 0, 0, 0, 0
1526155272, 263, 4, 356.8, 88.7, 90.7, 85.7, 91.8, 51.4, 2062524, 1028220, 1002372, 897172, 1.4, 4296696, 62180, 4234516, 32, 0, 1792, 0, 60, 0
1526155273, 264, 4, 351.2, 83.7, 93.1, 90.8, 83.7, 51.4, 2062524, 1027908, 1002724, 897472, 1.4, 4296696, 62180, 4234516, 0, 4, 0, 40, 0, 20
1526155274, 265, 4, 358.4, 86.0, 96.9, 92.0, 83.5, 51.5, 2062524, 1030180, 1000392, 893544, 1.4, 4296696, 62172, 4234524, 176, 0, 3552, 0, 180, 0
1526155275, 266, 4, 378.8, 94.9, 95.9, 91.9, 96.0, 51.5, 2062524, 1030712, 999920, 892880, 1.4, 4296696, 62172, 4234524, 6, 0, 24, 0, 0, 0
1526155276, 267, 4, 371.6, 88.1, 92.9, 95.9, 94.9, 51.6, 2062524, 1031612, 998964, 888288, 1.4, 4296696, 62164, 4234532, 276, 2, 7224, 40, 260, 0
1526155277, 268, 4, 380.8, 97.0, 92.9, 95.0, 96.0, 51.8, 2062524, 1035460, 995148, 858272, 1.4, 4296696, 62164, 4234532, 432, 0, 52416, 0, 1580, 0
1526155278, 269, 4, 394.8, 99.0, 100.0, 100.0, 96.1, 51.9, 2062524, 1037892, 992732, 855768, 1.4, 4296696, 62164, 4234532, 2, 4, 104, 120, 0, 20
1526155279, 270, 4, 386.0, 95.9, 97.0, 96.1, 96.9, 52.0, 2062524, 1040948, 989676, 851108, 1.4, 4296696, 62164, 4234532, 60, 0, 3176, 0, 40, 0
1526155280, 271, 4, 384.8, 100.0, 91.0, 96.0, 98.0, 52.7, 2062524, 1054884, 975736, 837024, 1.4, 4296696, 62164, 4234532, 4, 2, 16, 208, 20, 0
1526155281, 272, 4, 390.0, 98.0, 97.0, 98.0, 96.9, 52.3, 2062524, 1046440, 983956, 839824, 1.4, 4296696, 62164, 4234532, 424, 6, 11096, 704, 200, 40
1526155282, 273, 4, 392.8, 99.0, 99.0, 99.0, 96.0, 52.1, 2062524, 1042276, 988324, 842140, 1.4, 4296696, 62164, 4234532, 96, 2, 3592, 104, 120, 0
1526155283, 274, 4, 372.8, 96.0, 96.0, 85.7, 94.1, 52.5, 2062524, 1051664, 978920, 823260, 1.4, 4296696, 62164, 4234532, 2310, 46, 18392, 640, 1200, 100
1526155284, 275, 4, 370.4, 96.0, 95.9, 84.5, 95.0, 52.1, 2062524, 1043688, 986936, 827552, 1.4, 4296696, 62164, 4234532, 410, 156, 4088, 5224, 360, 460
1526155285, 276, 4, 392.0, 98.0, 96.0, 99.0, 99.0, 52.2, 2062524, 1043924, 986560, 824116, 1.4, 4296696, 61920, 4234776, 702, 6, 6368, 24, 490, 0
1526155286, 277, 4, 385.6, 96.8, 96.9, 94.0, 98.0, 52.2, 2062524, 1044148, 986364, 821728, 1.4, 4296696, 61916, 4234780, 142, 40, 2968, 800, 160, 240
1526155287, 278, 4, 360.8, 97.9, 87.6, 81.9, 93.1, 52.0, 2062524, 1040928, 989512, 822148, 1.4, 4296696, 61916, 4234780, 222, 58, 1984, 4064, 200, 320
1526155288, 279, 4, 365.6, 93.8, 87.9, 92.0, 91.9, 53.2, 2062524, 1066144, 964384, 752676, 1.4, 4296696, 61916, 4234780, 410, 0, 52048, 0, 1620, 0
1526155289, 280, 4, 372.8, 93.9, 89.0, 94.9, 94.9, 51.5, 2062524, 1030236, 1000244, 807540, 1.4, 4296696, 61912, 4234784, 4, 0, 16, 0, 20, 0
1526155290, 281, 4, 366.0, 91.1, 93.9, 82.7, 98.0, 51.5, 2062524, 1031052, 999428, 806672, 1.4, 4296696, 61912, 4234784, 0, 0, 0, 0, 0, 0
1526155291, 282, 4, 382.8, 98.0, 92.0, 96.9, 95.9, 51.5, 2062524, 1030736, 999744, 806980, 1.4, 4296696, 61912, 4234784, 4, 96, 16, 584, 20, 4840
1526155292, 283, 4, 368.4, 87.5, 97.0, 93.1, 90.6, 51.5, 2062524, 1029868, 1000612, 807664, 1.4, 4296696, 61912, 4234784, 22, 154, 88, 37720, 100, 29420
1526155293, 284, 4, 287.2, 73.4, 81.8, 68.7, 63.3, 51.5, 2062524, 1030276, 1000204, 807244, 1.4, 4296696, 61912, 4234784, 0, 8, 0, 4320, 0, 5520
1526155294, 285, 4, 350.8, 84.4, 85.7, 84.5, 96.0, 51.5, 2062524, 1030664, 999816, 806848, 1.4, 4296696, 61912, 4234784, 0, 0, 0, 0, 0, 0
1526155295, 286, 4, 371.6, 96.9, 89.1, 88.9, 96.9, 51.6, 2062524, 1031576, 998904, 805928, 1.4, 4296696, 61912, 4234784, 0, 0, 0, 0, 0, 0
1526155296, 287, 4, 377.2, 95.0, 100.0, 89.2, 93.1, 51.6, 2062524, 1031196, 999284, 806300, 1.4, 4296696, 61912, 4234784, 0, 0, 0, 0, 0, 0
1526155297, 288, 4, 369.2, 93.9, 93.0, 90.6, 91.8, 51.5, 2062524, 1029620, 1000860, 807868, 1.4, 4296696, 61912, 4234784, 0, 14, 0, 11224, 0, 1140
1526155298, 289, 4, 378.8, 95.0, 97.0, 96.0, 90.6, 51.5, 2062524, 1029372, 1001104, 808092, 1.4, 4296696, 61912, 4234784, 0, 2, 0, 8, 0, 100
1526155299, 290, 4, 376.8, 95.9, 91.1, 93.0, 97.0, 51.5, 2062524, 1030904, 999576, 806548, 1.4, 4296696, 61912, 4234784, 0, 0, 0, 0, 0, 0
1526155300, 291, 4, 370.4, 94.8, 89.9, 91.9, 93.7, 51.5, 2062524, 1030640, 999832, 806796, 1.4, 4296696, 61912, 4234784, 0, 0, 0, 0, 0, 0
1526155301, 292, 4, 359.6, 97.0, 91.0, 80.0, 91.8, 51.5, 2062524, 1030512, 999968, 806920, 1.4, 4296696, 61912, 4234784, 0, 0, 0, 0, 0, 0
1526155302, 293, 4, 379.6, 100.0, 92.9, 92.8, 93.9, 51.8, 2062524, 1036140, 994332, 801268, 1.4, 4296696, 61912, 4234784, 8, 0, 112, 0, 20, 0
1526155303, 294, 4, 322.4, 83.3, 67.3, 83.8, 87.9, 51.6, 2062524, 1033084, 997396, 804268, 1.4, 4296696, 61912, 4234784, 0, 4, 0, 40, 0, 220
1526155304, 295, 4, 350.0, 90.8, 80.6, 90.7, 87.8, 51.7, 2062524, 1034188, 996292, 803152, 1.4, 4296696, 61912, 4234784, 0, 0, 0, 0, 0, 0
1526155305, 296, 4, 360.8, 98.0, 91.0, 87.9, 84.2, 51.8, 2062524, 1035564, 994908, 801764, 1.4, 4296696, 61912, 4234784, 0, 0, 0, 0, 0, 0
1526155306, 297, 4, 346.8, 82.3, 83.8, 90.9, 89.7, 51.7, 2062524, 1034260, 996220, 803056, 1.4, 4296696, 61912, 4234784, 0, 0, 0, 0, 0, 0
1526155307, 298, 4, 352.8, 89.9, 90.3, 79.6, 93.0, 51.7, 2062524, 1034460, 996020, 802484, 1.4, 4296696, 61892, 4234804, 28, 0, 816, 0, 40, 0
1526155308, 299, 4, 322.0, 87.5, 73.0, 81.8, 80.0, 51.7, 2062524, 1033600, 996880, 803328, 1.4, 4296696, 61892, 4234804, 0, 4, 0, 40, 0, 300
1526155309, 300, 4, 348.4, 86.7, 85.9, 85.9, 89.9, 51.7, 2062524, 1034140, 996340, 802780, 1.4, 4296696, 61892, 4234804, 0, 0, 0, 0, 0, 0
1526155310, 301, 4, 363.6, 85.7, 85.9, 96.9, 95.0, 51.7, 2062524, 1033628, 996852, 803284, 1.4, 4296696, 61892, 4234804, 0, 0, 0, 0, 0, 0
1526155311, 302, 4, 348.8, 91.9, 87.9, 74.0, 94.9, 51.7, 2062524, 1035256, 995224, 801652, 1.4, 4296696, 61892, 4234804, 0, 0, 0, 0, 0, 0
1526155312, 303, 4, 360.4, 84.7, 82.9, 96.0, 97.1, 51.7, 2062524, 1034780, 995700, 802124, 1.4, 4296696, 61892, 4234804, 0, 0, 0, 0, 0, 0
1526155313, 304, 4, 344.0, 87.9, 77.2, 92.9, 86.5, 51.7, 2062524, 1034488, 995988, 802392, 1.4, 4296696, 61888, 4234808, 0, 4, 0, 40, 0, 200
1526155314, 305, 4, 372.4, 98.0, 91.7, 85.9, 97.0, 51.8, 2062524, 1035820, 994656, 801052, 1.4, 4296696, 61888, 4234808, 0, 0, 0, 0, 0, 0
1526155315, 306, 4, 383.2, 97.0, 94.2, 97.0, 95.0, 51.8, 2062524, 1035692, 994784, 801176, 1.4, 4296696, 61888, 4234808, 0, 0, 0, 0, 0, 0
1526155316, 307, 4, 354.0, 92.8, 78.6, 92.8, 89.9, 51.7, 2062524, 1034444, 996028, 802416, 1.4, 4296696, 61888, 4234808, 0, 0, 0, 0, 0, 0
1526155317, 308, 4, 345.2, 93.9, 79.6, 94.8, 77.2, 51.7, 2062524, 1035204, 995268, 801648, 1.4, 4296696, 61888, 4234808, 0, 0, 0, 0, 0, 0
1526155318, 309, 4, 365.2, 91.9, 91.3, 97.0, 85.1, 51.8, 2062524, 1035512, 994964, 801328, 1.4, 4296696, 61888, 4234808, 0, 4, 0, 40, 0, 220
1526155319, 310, 4, 355.2, 90.6, 85.6, 82.4, 97.0, 51.7, 2062524, 1034932, 995544, 801896, 1.4, 4296696, 61888, 4234808, 0, 0, 0, 0, 0, 0
1526155320, 311, 4, 362.4, 88.2, 84.2, 97.0, 92.7, 51.7, 2062524, 1033660, 996816, 803160, 1.4, 4296696, 61888, 4234808, 0, 0, 0, 0, 0, 0
1526155321, 312, 4, 364.8, 93.9, 91.0, 85.9, 92.9, 51.8, 2062524, 1036556, 993920, 801872, 1.4, 4296696, 61888, 4234808, 0, 0, 0, 0, 0, 0
1526155322, 313, 4, 371.6, 92.8, 94.0, 88.5, 96.9, 51.7, 2062524, 1034436, 996040, 802368, 1.4, 4296696, 61888, 4234808, 0, 6, 0, 528, 0, 840
1526155323, 314, 4, 362.0, 92.1, 85.1, 92.9, 92.0, 51.5, 2062524, 1031060, 999408, 805688, 1.4, 4296696, 61888, 4234808, 0, 4, 0, 88, 0, 220
1526155324, 315, 4, 374.0, 93.0, 93.9, 92.1, 94.9, 51.6, 2062524, 1031300, 999168, 805440, 1.4, 4296696, 61888, 4234808, 0, 0, 0, 0, 0, 0
1526155325, 316, 4, 368.4, 90.5, 93.9, 94.9, 89.0, 51.5, 2062524, 1031044, 999432, 805688, 1.4, 4296696, 61888, 4234808, 0, 0, 0, 0, 0, 0
1526155326, 317, 4, 339.6, 91.8, 84.0, 80.4, 83.7, 51.5, 2062524, 1030292, 1000184, 806432, 1.4, 4296696, 61888, 4234808, 0, 0, 0, 0, 0, 0
1526155327, 318, 4, 358.8, 93.0, 84.7, 92.9, 88.1, 51.6, 2062524, 1031548, 998928, 805168, 1.4, 4296696, 61888, 4234808, 0, 46, 0, 224, 0, 4720
1526155328, 319, 4, 346.4, 95.0, 82.7, 83.7, 84.8, 51.5, 2062524, 1030640, 999836, 806060, 1.4, 4296696, 61888, 4234808, 0, 4, 0, 32, 0, 0
1526155329, 320, 4, 346.0, 90.0, 85.0, 85.1, 85.9, 51.5, 2062524, 1030604, 999872, 806060, 1.4, 4296696, 61888, 4234808, 6, 0, 96, 0, 0, 0
1526155330, 321, 4, 362.0, 87.8, 83.3, 97.9, 92.9, 51.5, 2062524, 1030744, 999732, 805916, 1.4, 4296696, 61888, 4234808, 0, 0, 0, 0, 0, 0
1526155331, 322, 4, 363.6, 95.9, 85.0, 91.9, 90.9, 51.5, 2062524, 1030036, 1000396, 806556, 1.4, 4296696, 61832, 4234864, 14, 0, 160, 0, 20, 0
1526155332, 323, 4, 373.6, 94.8, 88.1, 95.0, 95.9, 51.5, 2062524, 1030772, 999660, 805812, 1.4, 4296696, 61832, 4234864, 0, 0, 0, 0, 0, 0
1526155333, 324, 4, 382.0, 94.9, 94.9, 94.0, 98.0, 51.5, 2062524, 1030600, 999824, 805964, 1.4, 4296696, 61832, 4234864, 0, 4, 0, 48, 0, 0
1526155334, 325, 4, 374.0, 89.9, 94.0, 92.9, 97.0, 51.5, 2062524, 1030620, 999808, 805936, 1.4, 4296696, 61832, 4234864, 0, 0, 0, 0, 0, 0
1526155335, 326, 4, 350.0, 89.6, 80.6, 88.9, 90.8, 51.5, 2062524, 1030068, 1000364, 806484, 1.4, 4296696, 61832, 4234864, 0, 0, 0, 0, 0, 0
1526155336, 327, 4, 319.2, 75.0, 68.6, 88.9, 85.7, 51.5, 2062524, 1030732, 999700, 805812, 1.4, 4296696, 61832, 4234864, 0, 0, 0, 0, 0, 0
1526155337, 328, 4, 337.2, 84.5, 84.5, 76.8, 93.7, 51.5, 2062524, 1030548, 999884, 805988, 1.4, 4296696, 61832, 4234864, 0, 24, 0, 416, 0, 240
1526155338, 329, 4, 343.2, 86.5, 81.6, 84.8, 90.0, 51.5, 2062524, 1029740, 1000692, 806780, 1.4, 4296696, 61832, 4234864, 0, 4, 0, 120, 0, 0
1526155339, 330, 4, 342.4, 85.4, 88.8, 89.9, 78.4, 51.5, 2062524, 1030076, 1000356, 806220, 1.4, 4296696, 61832, 4234864, 22, 0, 400, 0, 20, 0
1526155340, 331, 4, 329.6, 75.0, 82.7, 86.6, 85.4, 51.6, 2062524, 1031356, 999076, 804928, 1.4, 4296696, 61832, 4234864, 0, 0, 0, 0, 0, 0
1526155341, 332, 4, 352.8, 77.7, 84.8, 92.9, 96.9, 51.5, 2062524, 1030776, 999656, 805504, 1.4, 4296696, 61832, 4234864, 0, 0, 0, 0, 0, 0
1526155342, 333, 4, 365.6, 85.9, 90.0, 91.9, 98.0, 51.5, 2062524, 1030352, 1000080, 805920, 1.4, 4296696, 61832, 4234864, 0, 0, 0, 0, 0, 0
1526155343, 334, 4, 356.0, 84.2, 90.9, 88.8, 91.8, 51.5, 2062524, 1030336, 1000096, 805920, 1.4, 4296696, 61832, 4234864, 0, 4, 0, 32, 0, 0
1526155344, 335, 4, 324.4, 90.9, 76.8, 76.0, 80.6, 51.5, 2062524, 1029784, 1000648, 806468, 1.4, 4296696, 61832, 4234864, 0, 0, 0, 0, 0, 0
1526155345, 336, 4, 345.6, 98.0, 83.7, 85.9, 78.2, 51.5, 2062524, 1029800, 1000632, 806444, 1.4, 4296696, 61832, 4234864, 0, 0, 0, 0, 0, 0
1526155346, 337, 4, 356.4, 94.9, 81.8, 91.8, 87.9, 51.5, 2062524, 1030784, 999648, 805452, 1.4, 4296696, 61832, 4234864, 0, 0, 0, 0, 0, 0
1526155347, 338, 4, 357.2, 92.9, 83.0, 89.2, 92.1, 51.6, 2062524, 1031224, 999208, 805004, 1.4, 4296696, 61832, 4234864, 0, 0, 0, 0, 0, 0
1526155348, 339, 4, 352.0, 94.0, 90.1, 85.9, 82.0, 51.5, 2062524, 1031060, 999372, 805156, 1.4, 4296696, 61832, 4234864, 0, 4, 0, 32, 0, 0
1526155349, 340, 4, 354.4, 89.7, 88.9, 83.7, 92.0, 51.5, 2062524, 1030384, 1000044, 805824, 1.4, 4296696, 61832, 4234864, 0, 0, 0, 0, 0, 0
1526155350, 341, 4, 359.6, 93.9, 92.9, 91.9, 81.2, 51.5, 2062524, 1031052, 999380, 805152, 1.4, 4296696, 61832, 4234864, 0, 0, 0, 0, 0, 0
1526155351, 342, 4, 348.4, 87.6, 84.7, 91.0, 84.8, 51.5, 2062524, 1030452, 999980, 805748, 1.4, 4296696, 61832, 4234864, 0, 0, 0, 0, 0, 0
1526155352, 343, 4, 322.4, 92.9, 76.5, 75.5, 77.1, 51.5, 2062524, 1030492, 999940, 805700, 1.4, 4296696, 61832, 4234864, 0, 0, 0, 0, 0, 0
1526155353, 344, 4, 337.6, 77.9, 84.2, 94.9, 80.4, 51.5, 2062524, 1030872, 999560, 805300, 1.4, 4296696, 61832, 4234864, 0, 4, 0, 32, 0, 20
1526155354, 345, 4, 348.4, 84.2, 76.3, 93.9, 93.9, 51.6, 2062524, 1032976, 997456, 803192, 1.4, 4296696, 61832, 4234864, 0, 0, 0, 0, 0, 0
1526155355, 346, 4, 366.8, 88.0, 93.0, 93.0, 92.8, 51.5, 2062524, 1030632, 999796, 805528, 1.4, 4296696, 61832, 4234864, 0, 0, 0, 0, 0, 0
1526155356, 347, 4, 369.6, 91.8, 93.0, 91.0, 93.9, 51.6, 2062524, 1031700, 998732, 804460, 1.4, 4296696, 61832, 4234864, 0, 0, 0, 0, 0, 0
1526155357, 348, 4, 376.8, 99.0, 88.0, 91.8, 98.0, 51.6, 2062524, 1033124, 997248, 802712, 1.4, 4296696, 61832, 4234864, 72, 0, 424, 0, 40, 0
1526155358, 349, 4, 368.4, 86.3, 98.0, 93.0, 90.8, 51.5, 2062524, 1031092, 999328, 804596, 1.4, 4296696, 61832, 4234864, 58, 4, 272, 40, 0, 0
1526155359, 350, 4, 351.6, 80.6, 95.0, 88.3, 87.3, 51.6, 2062524, 1032204, 998216, 803476, 1.4, 4296696, 61832, 4234864, 0, 0, 0, 0, 0, 0
1526155360, 351, 4, 337.6, 74.7, 76.3, 87.9, 98.0, 51.6, 2062524, 1031724, 998700, 803948, 1.4, 4296696, 61832, 4234864, 0, 0, 0, 0, 0, 0
1526155361, 352, 4, 350.0, 87.5, 97.0, 81.6, 83.8, 51.6, 2062524, 1031616, 998816, 804052, 1.4, 4296696, 61832, 4234864, 0, 0, 0, 0, 0, 0
1526155362, 353, 4, 382.8, 98.0, 91.0, 98.0, 95.8, 51.8, 2062524, 1036172, 994260, 799484, 1.4, 4296696, 61832, 4234864, 0, 0, 0, 0, 0, 0
1526155363, 354, 4, 350.4, 84.0, 91.0, 85.1, 89.9, 51.7, 2062524, 1035208, 995224, 800428, 1.4, 4296696, 61832, 4234864, 0, 4, 0, 40, 0, 0
1526155364, 355, 4, 364.4, 89.4, 94.8, 89.4, 90.7, 51.7, 2062524, 1034896, 995536, 800724, 1.4, 4296696, 61832, 4234864, 0, 0, 0, 0, 0, 0
1526155365, 356, 4, 378.0, 97.0, 94.1, 92.9, 93.9, 51.7, 2062524, 1034852, 995572, 800756, 1.4, 4296696, 61832, 4234864, 0, 0, 0, 0, 0, 0
1526155366, 357, 4, 385.2, 97.0, 94.0, 94.1, 100.0, 51.8, 2062524, 1036280, 994152, 799316, 1.4, 4296696, 61832, 4234864, 0, 0, 0, 0, 0, 0
1526155367, 358, 4, 388.8, 97.0, 100.0, 94.9, 96.9, 51.8, 2062524, 1036112, 994320, 799412, 1.4, 4296696, 61832, 4234864, 0, 2, 0, 592, 0, 0
1526155368, 359, 4, 384.8, 99.0, 95.0, 96.0, 95.0, 51.8, 2062524, 1036508, 993920, 798988, 1.4, 4296696, 61832, 4234864, 0, 4, 0, 56, 0, 0
1526155369, 360, 4, 382.8, 94.8, 91.8, 99.0, 97.0, 51.8, 2062524, 1036192, 994240, 799292, 1.4, 4296696, 61832, 4234864, 0, 0, 0, 0, 0, 0
1526155370, 361, 4, 392.0, 98.0, 99.0, 97.0, 98.0, 51.8, 2062524, 1036384, 994048, 799092, 1.4, 4296696, 61832, 4234864, 0, 0, 0, 0, 0, 0
1526155371, 362, 4, 386.8, 99.0, 98.0, 97.0, 93.0, 51.8, 2062524, 1036208, 994224, 799236, 1.4, 4296696, 61832, 4234864, 0, 0, 0, 0, 0, 0
1526155372, 363, 4, 377.2, 97.0, 91.0, 94.9, 94.1, 51.8, 2062524, 1036936, 993496, 798468, 1.4, 4296696, 61832, 4234864, 0, 18, 0, 112, 0, 100
1526155373, 364, 4, 376.8, 91.8, 93.9, 93.1, 98.0, 51.8, 2062524, 1036408, 994016, 798968, 1.4, 4296696, 61832, 4234864, 0, 4, 0, 56, 0, 0
1526155374, 365, 4, 379.6, 97.0, 95.0, 95.9, 91.8, 51.8, 2062524, 1037016, 993416, 798344, 1.4, 4296696, 61832, 4234864, 0, 0, 0, 0, 0, 0
1526155375, 366, 4, 373.2, 92.9, 88.9, 94.1, 97.0, 51.8, 2062524, 1036236, 994196, 799112, 1.4, 4296696, 61832, 4234864, 0, 0, 0, 0, 0, 0
1526155376, 367, 4, 368.4, 90.6, 86.0, 94.0, 98.0, 51.8, 2062524, 1035556, 994876, 799784, 1.4, 4296696, 61832, 4234864, 0, 0, 0, 0, 0, 0
1526155377, 368, 4, 341.6, 91.7, 74.7, 89.9, 85.4, 51.8, 2062524, 1035500, 994932, 799832, 1.4, 4296696, 61832, 4234864, 0, 0, 0, 0, 0, 0
1526155378, 369, 4, 368.0, 89.8, 97.1, 87.9, 92.9, 51.8, 2062524, 1035260, 995164, 800060, 1.4, 4296696, 61832, 4234864, 0, 4, 0, 32, 0, 0
1526155379, 370, 4, 376.4, 93.7, 98.0, 91.8, 92.9, 51.7, 2062524, 1035208, 995216, 800104, 1.4, 4296696, 61832, 4234864, 0, 0, 0, 0, 0, 0
1526155380, 371, 4, 354.8, 90.1, 78.6, 93.1, 93.1, 51.7, 2062524, 1034704, 995728, 800600, 1.4, 4296696, 61832, 4234864, 0, 0, 0, 0, 0, 0
1526155381, 372, 4, 368.4, 93.7, 92.5, 90.4, 91.8, 51.9, 2062524, 1038000, 992432, 800676, 1.4, 4296696, 61824, 4234872, 0, 0, 0, 0, 0, 0
1526155382, 373, 4, 372.0, 90.0, 93.0, 94.1, 94.8, 51.6, 2062524, 1031288, 999140, 803996, 1.4, 4296696, 61820, 4234876, 0, 0, 0, 0, 0, 0
1526155383, 374, 4, 362.8, 90.0, 89.1, 91.8, 91.8, 51.6, 2062524, 1031280, 999148, 803996, 1.4, 4296696, 61820, 4234876, 0, 4, 0, 48, 0, 0
1526155384, 375, 4, 355.6, 91.8, 88.1, 88.1, 87.8, 51.6, 2062524, 1031636, 998784, 803624, 1.4, 4296696, 61820, 4234876, 0, 0, 0, 0, 0, 0
1526155385, 376, 4, 368.0, 91.8, 93.9, 85.3, 97.0, 51.7, 2062524, 1033264, 997152, 801988, 1.4, 4296696, 61820, 4234876, 0, 0, 0, 0, 0, 0
1526155386, 377, 4, 368.8, 92.9, 93.9, 88.7, 93.0, 51.7, 2062524, 1033256, 997172, 801988, 1.4, 4296696, 61820, 4234876, 0, 0, 0, 0, 0, 0
1526155387, 378, 4, 363.2, 91.8, 97.0, 88.8, 85.7, 51.7, 2062524, 1033644, 996784, 801592, 1.4, 4296696, 61820, 4234876, 0, 0, 0, 0, 0, 0
1526155388, 379, 4, 364.4, 92.8, 90.1, 91.0, 90.7, 51.6, 2062524, 1032720, 997708, 802508, 1.4, 4296696, 61820, 4234876, 0, 0, 0, 0, 0, 0
1526155389, 380, 4, 338.8, 84.2, 82.5, 90.9, 81.1, 51.6, 2062524, 1031660, 998768, 803556, 1.4, 4296696, 61820, 4234876, 0, 4, 0, 32, 0, 0
1526155390, 381, 4, 326.4, 93.9, 74.5, 84.8, 72.9, 51.6, 2062524, 1031632, 998796, 803576, 1.4, 4296696, 61820, 4234876, 0, 0, 0, 0, 0, 0
1526155391, 382, 4, 360.8, 98.0, 83.8, 87.9, 91.1, 51.6, 2062524, 1033036, 997392, 802164, 1.4, 4296696, 61820, 4234876, 0, 0, 0, 0, 0, 0
1526155392, 383, 4, 358.0, 95.0, 87.3, 84.8, 90.9, 51.6, 2062524, 1032436, 997992, 802756, 1.4, 4296696, 61820, 4234876, 0, 2, 0, 8, 0, 0
1526155393, 384, 4, 362.8, 96.0, 88.0, 91.0, 87.9, 51.5, 2062524, 1030572, 999856, 804616, 1.4, 4296696, 61820, 4234876, 0, 0, 0, 0, 0, 0
1526155394, 385, 4, 362.8, 98.0, 85.1, 85.6, 94.1, 51.6, 2062524, 1031540, 998884, 803624, 1.4, 4296696, 61820, 4234876, 0, 4, 0, 32, 0, 20
1526155395, 386, 4, 358.4, 97.0, 84.3, 83.3, 94.0, 51.6, 2062524, 1032672, 997756, 802488, 1.4, 4296696, 61820, 4234876, 0, 0, 0, 0, 0, 0
1526155396, 387, 4, 340.8, 94.7, 88.0, 80.8, 77.3, 51.6, 2062524, 1031524, 998904, 803624, 1.4, 4296696, 61820, 4234876, 0, 0, 0, 0, 0, 0
1526155397, 388, 4, 380.8, 94.9, 92.8, 96.0, 96.9, 51.6, 2062524, 1031876, 998548, 803252, 1.4, 4296696, 61820, 4234876, 0, 6, 0, 704, 0, 40
1526155398, 389, 4, 380.8, 100.0, 94.9, 94.9, 91.1, 51.7, 2062524, 1033232, 997196, 801888, 1.4, 4296696, 61820, 4234876, 0, 0, 0, 0, 0, 0
1526155399, 390, 4, 378.4, 96.0, 90.1, 98.0, 94.1, 51.7, 2062524, 1033612, 996808, 801492, 1.4, 4296696, 61820, 4234876, 0, 4, 0, 80, 0, 20
1526155400, 391, 4, 358.0, 92.8, 84.3, 97.0, 84.0, 51.6, 2062524, 1032460, 997968, 802632, 1.4, 4296696, 61820, 4234876, 0, 0, 0, 0, 0, 0
1526155401, 392, 4, 368.8, 95.9, 84.5, 92.9, 96.0, 51.6, 2062524, 1033100, 997328, 801988, 1.4, 4296696, 61820, 4234876, 0, 0, 0, 0, 0, 0
1526155402, 393, 4, 364.0, 91.8, 85.1, 97.1, 90.1, 51.6, 2062524, 1033068, 997360, 802012, 1.4, 4296696, 61820, 4234876, 0, 2, 0, 48, 0, 0
1526155403, 394, 4, 384.8, 96.0, 93.1, 96.9, 99.0, 51.6, 2062524, 1032608, 997820, 802468, 1.4, 4296696, 61820, 4234876, 0, 0, 0, 0, 0, 0
1526155404, 395, 4, 344.0, 93.0, 85.6, 72.9, 92.0, 51.6, 2062524, 1032632, 997792, 802384, 1.4, 4296696, 61820, 4234876, 0, 4, 0, 56, 0, 20
1526155405, 396, 4, 320.8, 86.7, 88.4, 73.1, 73.3, 51.6, 2062524, 1032648, 997780, 802360, 1.4, 4296696, 61820, 4234876, 0, 0, 0, 0, 0, 0
1526155406, 397, 4, 354.4, 97.0, 86.6, 84.8, 85.9, 51.6, 2062524, 1031992, 998432, 803004, 1.4, 4296696, 61820, 4234876, 0, 0, 0, 0, 0, 0
1526155407, 398, 4, 330.4, 79.8, 85.1, 78.6, 86.7, 51.7, 2062524, 1033596, 996832, 801392, 1.4, 4296696, 61820, 4234876, 0, 18, 0, 72, 0, 80
1526155408, 399, 4, 327.2, 82.7, 80.0, 75.8, 88.9, 51.6, 2062524, 1033116, 997308, 801864, 1.4, 4296696, 61820, 4234876, 0, 0, 0, 0, 0, 0
1526155409, 400, 4, 346.0, 83.7, 80.0, 84.2, 98.0, 51.6, 2062524, 1032212, 998208, 802756, 1.4, 4296696, 61820, 4234876, 0, 4, 0, 32, 0, 0
1526155410, 401, 4, 376.8, 91.9, 96.9, 91.0, 97.0, 51.6, 2062524, 1032844, 997576, 802116, 1.4, 4296696, 61820, 4234876, 0, 0, 0, 0, 0, 0
1526155411, 402, 4, 366.0, 93.7, 85.1, 90.1, 97.0, 51.7, 2062524, 1033440, 996988, 801516, 1.4, 4296696, 61820, 4234876, 0, 0, 0, 0, 0, 0
1526155412, 403, 4, 359.2, 89.7, 90.7, 89.9, 88.8, 51.6, 2062524, 1031420, 999008, 803528, 1.4, 4296696, 61820, 4234876, 0, 2, 0, 8, 0, 0
1526155413, 404, 4, 373.6, 92.7, 96.9, 87.6, 96.1, 51.6, 2062524, 1033172, 997256, 801764, 1.4, 4296696, 61820, 4234876, 0, 0, 0, 0, 0, 0
1526155414, 405, 4, 388.0, 96.9, 97.0, 97.0, 97.0, 51.6, 2062524, 1032348, 998080, 802560, 1.4, 4296696, 61820, 4234876, 0, 4, 0, 32, 0, 0
1526155415, 406, 4, 372.0, 90.9, 94.1, 94.1, 92.9, 51.6, 2062524, 1032016, 998412, 802880, 1.4, 4296696, 61820, 4234876, 0, 0, 0, 0, 0, 0
1526155416, 407, 4, 360.4, 80.9, 95.0, 88.9, 94.9, 51.6, 2062524, 1031388, 999040, 803500, 1.4, 4296696, 61820, 4234876, 0, 0, 0, 0, 0, 0
1526155417, 408, 4, 352.0, 87.9, 87.0, 86.5, 90.8, 51.6, 2062524, 1033140, 997288, 801740, 1.4, 4296696, 61820, 4234876, 0, 0, 0, 0, 0, 0
1526155418, 409, 4, 384.8, 97.0, 94.0, 98.0, 95.9, 51.6, 2062524, 1032632, 997796, 802244, 1.4, 4296696, 61820, 4234876, 0, 0, 0, 0, 0, 0
1526155419, 410, 4, 361.6, 91.8, 84.8, 92.9, 91.8, 51.6, 2062524, 1031980, 998440, 802880, 1.4, 4296696, 61820, 4234876, 0, 4, 0, 32, 0, 0
1526155420, 411, 4, 369.6, 93.0, 85.0, 95.0, 96.9, 51.6, 2062524, 1032832, 997596, 802012, 1.4, 4296696, 61820, 4234876, 0, 0, 0, 0, 0, 0
1526155421, 412, 4, 374.8, 90.7, 94.0, 98.0, 92.0, 51.6, 2062524, 1031708, 998720, 803128, 1.4, 4296696, 61820, 4234876, 0, 0, 0, 0, 0, 0
1526155422, 413, 4, 380.0, 95.9, 96.0, 90.9, 97.0, 51.6, 2062524, 1032784, 997644, 802040, 1.4, 4296696, 61820, 4234876, 0, 0, 0, 0, 0, 0
1526155423, 414, 4, 376.8, 89.8, 90.9, 98.0, 98.0, 51.6, 2062524, 1032628, 997800, 802188, 1.4, 4296696, 61820, 4234876, 0, 0, 0, 0, 0, 0
1526155424, 415, 4, 372.8, 94.0, 97.0, 91.7, 90.1, 51.6, 2062524, 1032648, 997764, 802136, 1.4, 4296696, 61820, 4234876, 0, 4, 0, 40, 0, 0
1526155425, 416, 4, 369.6, 95.9, 88.8, 96.0, 89.0, 51.6, 2062524, 1031768, 998636, 803004, 1.4, 4296696, 61816, 4234880, 0, 0, 0, 0, 0, 0
1526155426, 417, 4, 358.0, 83.5, 91.9, 95.9, 86.7, 51.6, 2062524, 1032276, 998132, 802488, 1.4, 4296696, 61816, 4234880, 0, 0, 0, 0, 0, 0
1526155427, 418, 4, 344.8, 86.9, 91.7, 79.4, 86.9, 51.6, 2062524, 1031744, 998676, 803004, 1.4, 4296696, 61816, 4234880, 0, 0, 0, 0, 0, 0
1526155428, 419, 4, 340.4, 87.6, 86.7, 78.2, 88.0, 51.5, 2062524, 1030500, 999924, 804244, 1.4, 4296696, 61816, 4234880, 0, 0, 0, 0, 0, 0
1526155429, 420, 4, 357.2, 94.0, 86.3, 86.5, 90.1, 51.6, 2062524, 1031796, 998628, 802932, 1.4, 4296696, 61816, 4234880, 0, 4, 0, 40, 0, 0
1526155430, 421, 4, 358.8, 98.0, 91.0, 85.9, 83.7, 51.6, 2062524, 1032760, 997664, 801964, 1.4, 4296696, 61816, 4234880, 0, 0, 0, 0, 0, 0
1526155431, 422, 4, 336.8, 81.2, 91.0, 82.8, 81.4, 51.6, 2062524, 1032004, 998420, 802708, 1.4, 4296696, 61816, 4234880, 0, 0, 0, 0, 0, 0
1526155432, 423, 4, 363.2, 87.9, 86.3, 92.0, 97.0, 51.6, 2062524, 1032096, 998328, 802608, 1.4, 4296696, 61816, 4234880, 0, 2, 0, 672, 0, 0
1526155433, 424, 4, 365.2, 91.8, 88.5, 91.8, 93.0, 51.6, 2062524, 1031220, 999204, 803476, 1.4, 4296696, 61816, 4234880, 0, 0, 0, 0, 0, 0
1526155434, 425, 4, 366.0, 90.1, 88.9, 98.0, 89.0, 51.6, 2062524, 1032044, 998372, 802632, 1.4, 4296696, 61816, 4234880, 0, 4, 0, 48, 0, 20
1526155435, 426, 4, 345.2, 87.0, 91.8, 77.6, 88.9, 51.5, 2062524, 1030992, 999432, 803680, 1.4, 4296696, 61816, 4234880, 0, 0, 0, 0, 0, 0
1526155436, 427, 4, 343.2, 88.7, 81.8, 80.0, 92.9, 51.7, 2062524, 1033496, 996928, 801172, 1.4, 4296696, 61816, 4234880, 0, 0, 0, 0, 0, 0
1526155437, 428, 4, 370.8, 88.7, 94.1, 91.1, 97.0, 51.6, 2062524, 1032404, 998020, 802260, 1.4, 4296696, 61816, 4234880, 0, 2, 0, 48, 0, 0
1526155438, 429, 4, 340.0, 87.9, 77.8, 86.6, 87.9, 51.6, 2062524, 1031196, 999188, 803428, 1.4, 4296696, 61816, 4234880, 0, 0, 0, 0, 0, 0
1526155439, 430, 4, 361.2, 87.5, 82.7, 94.0, 97.0, 51.6, 2062524, 1032564, 997860, 802044, 1.4, 4296696, 61816, 4234880, 0, 4, 0, 56, 0, 0
1526155440, 431, 4, 357.6, 94.0, 88.1, 80.4, 95.1, 51.7, 2062524, 1034900, 995524, 803080, 1.4, 4296696, 61816, 4234880, 0, 0, 0, 0, 0, 0
1526155441, 432, 4, 358.4, 93.8, 86.1, 86.7, 91.8, 51.6, 2062524, 1031684, 998740, 802908, 1.4, 4296696, 61816, 4234880, 0, 0, 0, 0, 0, 0
1526155442, 433, 4, 378.8, 89.6, 98.0, 93.8, 97.1, 51.6, 2062524, 1032412, 998012, 802172, 1.4, 4296696, 61816, 4234880, 0, 10, 0, 40, 0, 20
1526155443, 434, 4, 351.2, 99.0, 78.8, 86.7, 86.7, 51.5, 2062524, 1030200, 1000224, 804376, 1.4, 4296696, 61816, 4234880, 0, 0, 0, 0, 0, 0
1526155444, 435, 4, 335.2, 80.9, 85.7, 85.6, 82.8, 51.5, 2062524, 1030972, 999452, 803584, 1.4, 4296696, 61816, 4234880, 0, 4, 0, 40, 0, 0
1526155445, 436, 4, 361.2, 87.2, 90.8, 91.8, 91.2, 51.6, 2062524, 1031784, 998640, 802764, 1.4, 4296696, 61816, 4234880, 0, 0, 0, 0, 0, 0
1526155446, 437, 4, 369.6, 93.9, 93.9, 92.8, 88.8, 51.6, 2062524, 1031900, 998524, 802640, 1.4, 4296696, 61816, 4234880, 0, 0, 0, 0, 0, 0
1526155447, 438, 4, 360.8, 93.9, 94.8, 92.8, 79.6, 51.6, 2062524, 1032416, 998008, 802120, 1.4, 4296696, 61816, 4234880, 0, 0, 0, 0, 0, 0
1526155448, 439, 4, 349.6, 92.7, 84.5, 83.3, 89.2, 51.6, 2062524, 1031776, 998648, 802744, 1.4, 4296696, 61816, 4234880, 0, 0, 0, 0, 0, 0
1526155449, 440, 4, 343.6, 92.9, 82.4, 76.5, 90.9, 51.6, 2062524, 1032532, 997892, 801972, 1.4, 4296696, 61816, 4234880, 0, 4, 0, 32, 0, 20
1526155450, 441, 4, 374.0, 93.9, 92.0, 91.0, 98.0, 51.7, 2062524, 1033220, 997204, 801276, 1.4, 4296696, 61816, 4234880, 0, 0, 0, 0, 0, 0
1526155451, 442, 4, 386.8, 98.0, 92.9, 99.0, 97.0, 51.6, 2062524, 1032456, 997960, 802020, 1.4, 4296696, 61808, 4234888, 2, 0, 32, 0, 0, 0
1526155452, 443, 4, 354.8, 82.8, 80.4, 93.9, 97.0, 51.6, 2062524, 1032932, 997452, 801500, 1.4, 4296696, 61776, 4234920, 8, 0, 96, 0, 0, 0
1526155453, 444, 4, 346.8, 88.3, 88.7, 88.1, 82.0, 51.6, 2062524, 1032636, 997740, 801764, 1.4, 4296696, 61772, 4234924, 0, 0, 0, 0, 0, 0
1526155454, 445, 4, 352.8, 82.8, 84.2, 96.0, 89.9, 51.6, 2062524, 1032000, 998364, 802384, 1.4, 4296696, 61772, 4234924, 0, 4, 0, 40, 0, 0
1526155455, 446, 4, 316.8, 85.6, 86.7, 62.0, 83.0, 51.6, 2062524, 1032584, 997792, 801792, 1.4, 4296696, 61772, 4234924, 0, 0, 0, 0, 0, 0
1526155456, 447, 4, 366.8, 94.0, 88.5, 87.0, 97.1, 51.6, 2062524, 1031860, 998520, 802508, 1.4, 4296696, 61772, 4234924, 0, 0, 0, 0, 0, 0
1526155457, 448, 4, 370.8, 94.9, 89.9, 87.9, 98.0, 51.6, 2062524, 1032868, 997516, 801496, 1.4, 4296696, 61772, 4234924, 0, 12, 0, 96, 0, 60
1526155458, 449, 4, 358.4, 90.5, 82.5, 92.7, 92.9, 51.6, 2062524, 1032068, 998316, 802288, 1.4, 4296696, 61772, 4234924, 0, 0, 0, 0, 0, 0
1526155459, 450, 4, 355.2, 89.7, 87.8, 86.1, 91.8, 51.6, 2062524, 1031956, 998428, 802384, 1.4, 4296696, 61772, 4234924, 0, 4, 0, 112, 0, 20
1526155460, 451, 4, 372.8, 98.0, 88.9, 96.0, 90.1, 51.5, 2062524, 1031008, 999376, 803328, 1.4, 4296696, 61772, 4234924, 0, 0, 0, 0, 0, 0
1526155461, 452, 4, 364.8, 90.5, 88.1, 97.1, 88.8, 51.6, 2062524, 1032116, 998268, 802212, 1.4, 4296696, 61772, 4234924, 0, 0, 0, 0, 0, 0
1526155462, 453, 4, 363.2, 90.7, 95.0, 81.8, 95.8, 51.5, 2062524, 1030912, 999472, 803404, 1.4, 4296696, 61772, 4234924, 0, 0, 0, 0, 0, 0
1526155463, 454, 4, 370.8, 98.0, 84.5, 92.2, 96.1, 51.6, 2062524, 1031204, 999180, 803108, 1.4, 4296696, 61772, 4234924, 0, 0, 0, 0, 0, 0
1526155464, 455, 4, 366.0, 96.0, 82.2, 93.0, 94.9, 51.5, 2062524, 1030712, 999668, 803576, 1.4, 4296696, 61772, 4234924, 0, 4, 0, 32, 0, 0
1526155465, 456, 4, 350.4, 81.6, 85.9, 91.8, 90.9, 51.6, 2062524, 1032644, 997740, 801640, 1.4, 4296696, 61772, 4234924, 0, 0, 0, 0, 0, 0
1526155466, 457, 4, 344.0, 93.0, 89.9, 79.0, 82.2, 51.5, 2062524, 1030872, 999512, 803404, 1.4, 4296696, 61772, 4234924, 0, 0, 0, 0, 0, 0
1526155467, 458, 4, 355.6, 97.0, 89.8, 80.8, 88.2, 51.5, 2062524, 1030464, 999916, 803804, 1.4, 4296696, 61772, 4234924, 0, 2, 0, 568, 0, 0
1526155468, 459, 4, 362.0, 88.7, 87.9, 92.8, 92.9, 51.5, 2062524, 1030676, 999708, 803584, 1.4, 4296696, 61772, 4234924, 0, 0, 0, 0, 0, 0
1526155469, 460, 4, 349.2, 90.7, 85.6, 82.0, 91.1, 51.5, 2062524, 1030492, 999888, 803756, 1.4, 4296696, 61772, 4234924, 0, 4, 0, 48, 0, 0
1526155470, 461, 4, 336.4, 91.9, 88.9, 68.7, 86.9, 51.6, 2062524, 1031892, 998492, 802348, 1.4, 4296696, 61772, 4234924, 0, 0, 0, 0, 0, 0
1526155471, 462, 4, 353.2, 89.0, 81.0, 89.3, 94.0, 51.6, 2062524, 1032048, 998336, 802144, 1.4, 4296696, 61772, 4234924, 0, 0, 0, 0, 0, 0
1526155472, 463, 4, 294.4, 70.1, 72.3, 78.8, 73.2, 51.6, 2062524, 1032036, 998348, 802144, 1.4, 4296696, 61772, 4234924, 0, 4, 0, 56, 0, 0
1526155473, 464, 4, 7.2, 1.2, 2.0, 0.0, 4.0, 51.6, 2062524, 1032292, 998092, 801888, 1.4, 4296696, 61772, 4234924, 0, 0, 0, 0, 0, 0
1526155474, 465, 4, 1.2, 1.2, 0.0, 0.0, 0.0, 51.6, 2062524, 1032284, 998100, 801896, 1.4, 4296696, 61772, 4234924, 0, 0, 0, 0, 0, 0
1526155475, 466, 4, 5.2, 1.2, 0.0, 0.0, 4.0, 51.6, 2062524, 1032276, 998100, 801896, 1.4, 4296696, 61772, 4234924, 0, 4, 0, 56, 0, 0
1526155476, 467, 4, 5.2, 1.2, 0.0, 0.0, 4.0, 51.6, 2062524, 1032276, 998100, 801896, 1.4, 4296696, 61772, 4234924, 0, 0, 0, 0, 0, 0
1526155477, 468, 4, 6.4, 5.6, 1.0, 0.0, 0.0, 51.6, 2062524, 1032276, 998100, 801896, 1.4, 4296696, 61772, 4234924, 0, 26, 0, 112, 0, 220
1526155478, 469, 4, 12.4, 5.9, 3.1, 0.0, 4.0, 51.6, 2062524, 1032284, 998092, 801888, 1.4, 4296696, 61772, 4234924, 0, 0, 0, 0, 0, 0
1526155479, 470, 4, 11.6, 9.0, 0.0, 0.0, 3.0, 51.6, 2062524, 1032284, 998092, 801888, 1.4, 4296696, 61772, 4234924, 0, 0, 0, 0, 0, 0
1526155480, 471, 4, 2.0, 2.3, 0.0, 0.0, 0.0, 51.6, 2062524, 1032280, 998104, 801888, 1.4, 4296696, 61772, 4234924, 2, 0, 8, 0, 0, 0
1526155481, 472, 4, 2.0, 1.1, 0.0, 0.0, 1.0, 51.6, 2062524, 1032280, 998104, 801888, 1.4, 4296696, 61772, 4234924, 0, 0, 0, 0, 0, 0
1526155482, 473, 4, 5.2, 1.2, 0.0, 0.0, 4.0, 51.6, 2062524, 1032280, 998104, 801888, 1.4, 4296696, 61772, 4234924, 0, 4, 0, 168, 0, 0
1526155483, 474, 4, 2.0, 2.3, 0.0, 0.0, 0.0, 51.6, 2062524, 1032280, 998104, 801888, 1.4, 4296696, 61772, 4234924, 0, 0, 0, 0, 0, 0
1526155484, 475, 4, 6.4, 1.2, 1.0, 0.0, 4.0, 51.6, 2062524, 1032272, 998104, 801888, 1.4, 4296696, 61772, 4234924, 0, 0, 0, 0, 0, 0
1526155485, 476, 4, 5.2, 1.2, 0.0, 0.0, 4.0, 51.6, 2062524, 1032272, 998104, 801888, 1.4, 4296696, 61772, 4234924, 0, 0, 0, 0, 0, 0
1526155486, 477, 4, 1.2, 1.2, 0.0, 0.0, 0.0, 51.6, 2062524, 1032272, 998104, 801888, 1.4, 4296696, 61772, 4234924, 0, 0, 0, 0, 0, 0
1526155487, 478, 4, 4.0, 1.2, 0.0, 0.0, 3.0, 51.6, 2062524, 1032264, 998104, 801888, 1.4, 4296696, 61772, 4234924, 0, 4, 0, 48, 0, 0
1526155488, 479, 4, 4.0, 1.2, 0.0, 0.0, 3.0, 51.6, 2062524, 1032264, 998104, 801888, 1.4, 4296696, 61772, 4234924, 0, 0, 0, 0, 0, 0
1526155489, 480, 4, 1.2, 1.2, 0.0, 0.0, 0.0, 51.6, 2062524, 1032264, 998104, 801888, 1.4, 4296696, 61772, 4234924, 0, 0, 0, 0, 0, 0
1526155490, 481, 4, 5.2, 1.1, 0.0, 0.0, 4.0, 51.6, 2062524, 1032264, 998104, 801888, 1.4, 4296696, 61772, 4234924, 0, 0, 0, 0, 0, 0
1526155491, 482, 4, 1.2, 1.2, 0.0, 0.0, 0.0, 51.6, 2062524, 1032264, 998104, 801888, 1.4, 4296696, 61772, 4234924, 0, 0, 0, 0, 0, 0
1526155492, 483, 4, 5.2, 1.2, 0.0, 0.0, 4.0, 51.6, 2062524, 1032264, 998104, 801888, 1.4, 4296696, 61772, 4234924, 0, 0, 0, 0, 0, 0
1526155493, 484, 4, 7.2, 1.2, 1.0, 1.0, 4.0, 51.6, 2062524, 1032264, 998104, 801888, 1.4, 4296696, 61772, 4234924, 0, 0, 0, 0, 0, 0
1526155494, 485, 4, 1.2, 1.2, 0.0, 0.0, 0.0, 51.6, 2062524, 1032264, 998120, 801888, 1.4, 4296696, 61772, 4234924, 0, 6, 0, 32, 0, 0
1526155495, 486, 4, 5.2, 1.2, 0.0, 0.0, 4.0, 51.6, 2062524, 1032264, 998120, 801888, 1.4, 4296696, 61772, 4234924, 0, 0, 0, 0, 0, 0
1526155496, 487, 4, 4.0, 1.2, 0.0, 0.0, 3.0, 51.6, 2062524, 1032264, 998120, 801888, 1.4, 4296696, 61772, 4234924, 0, 0, 0, 0, 0, 0
1526155497, 488, 4, 1.2, 1.2, 0.0, 0.0, 0.0, 51.6, 2062524, 1032264, 998120, 801888, 1.4, 4296696, 61772, 4234924, 0, 0, 0, 0, 0, 0
1526155498, 489, 4, 5.2, 1.2, 0.0, 0.0, 4.0, 51.6, 2062524, 1032264, 998120, 801888, 1.4, 4296696, 61772, 4234924, 0, 0, 0, 0, 0, 0
1526155499, 490, 4, 6.4, 1.2, 1.0, 0.0, 4.0, 51.6, 2062524, 1032256, 998120, 801888, 1.4, 4296696, 61772, 4234924, 0, 4, 0, 48, 0, 0
1526155500, 491, 4, 10.4, 2.4, 0.0, 4.0, 4.0, 51.8, 2062524, 1036348, 994028, 801144, 1.4, 4296696, 61772, 4234924, 0, 0, 0, 0, 0, 0
1526155501, 492, 4, 6.4, 2.3, 0.0, 0.0, 4.0, 51.6, 2062524, 1033000, 997384, 801144, 1.4, 4296696, 61772, 4234924, 0, 0, 0, 0, 0, 0
1526155502, 493, 4, 5.2, 1.2, 0.0, 0.0, 4.0, 51.6, 2062524, 1033000, 997384, 801144, 1.4, 4296696, 61772, 4234924, 0, 0, 0, 0, 0, 0
1526155503, 494, 4, 2.0, 1.2, 1.0, 0.0, 0.0, 51.6, 2062524, 1033000, 997384, 801144, 1.4, 4296696, 61772, 4234924, 0, 0, 0, 0, 0, 0
1526155504, 495, 4, 5.2, 1.2, 0.0, 0.0, 4.0, 51.6, 2062524, 1033000, 997384, 801144, 1.4, 4296696, 61772, 4234924, 0, 10, 0, 40, 0, 20
1526155505, 496, 4, 5.2, 2.3, 0.0, 0.0, 3.0, 51.6, 2062524, 1033000, 997384, 801144, 1.4, 4296696, 61772, 4234924, 0, 0, 0, 0, 0, 0
1526155506, 497, 4, 3.2, 2.3, 1.0, 0.0, 0.0, 51.6, 2062524, 1032992, 997384, 801144, 1.4, 4296696, 61772, 4234924, 0, 4, 0, 24, 0, 0
1526155507, 498, 4, 5.2, 2.3, 0.0, 0.0, 3.0, 51.6, 2062524, 1032992, 997384, 801144, 1.4, 4296696, 61772, 4234924, 0, 0, 0, 0, 0, 0
1526155508, 499, 4, 7.2, 3.4, 0.0, 0.0, 4.0, 51.6, 2062524, 1032992, 997384, 801144, 1.4, 4296696, 61772, 4234924, 0, 0, 0, 0, 0, 0
1526155509, 500, 4, 1.2, 1.2, 0.0, 0.0, 0.0, 51.6, 2062524, 1032992, 997384, 801144, 1.4, 4296696, 61772, 4234924, 0, 0, 0, 0, 0, 0
1526155510, 501, 4, 5.2, 1.2, 0.0, 0.0, 4.0, 51.6, 2062524, 1032992, 997384, 801144, 1.4, 4296696, 61772, 4234924, 0, 0, 0, 0, 0, 0
1526155511, 502, 4, 1.2, 1.2, 0.0, 0.0, 0.0, 51.6, 2062524, 1032992, 997384, 801144, 1.4, 4296696, 61772, 4234924, 0, 0, 0, 0, 0, 0
1526155512, 503, 4, 5.2, 1.2, 0.0, 0.0, 4.0, 51.6, 2062524, 1032992, 997384, 801144, 1.4, 4296696, 61772, 4234924, 0, 0, 0, 0, 0, 0
1526155513, 504, 4, 5.2, 1.2, 0.0, 0.0, 4.0, 51.6, 2062524, 1032992, 997384, 801144, 1.4, 4296696, 61772, 4234924, 0, 0, 0, 0, 0, 0
1526155514, 505, 4, 1.2, 1.2, 0.0, 0.0, 0.0, 51.6, 2062524, 1032992, 997384, 801144, 1.4, 4296696, 61772, 4234924, 0, 0, 0, 0, 0, 0
1526155515, 506, 4, 6.4, 2.3, 1.0, 0.0, 3.0, 51.6, 2062524, 1032992, 997384, 801144, 1.4, 4296696, 61772, 4234924, 0, 0, 0, 0, 0, 0
1526155516, 507, 4, 6.4, 2.3, 0.0, 1.0, 3.0, 51.6, 2062524, 1032992, 997384, 801144, 1.4, 4296696, 61772, 4234924, 0, 0, 0, 0, 0, 0
1526155517, 508, 4, 2.0, 2.4, 0.0, 0.0, 0.0, 51.6, 2062524, 1032992, 997384, 801144, 1.4, 4296696, 61772, 4234924, 0, 0, 0, 0, 0, 0
1526155518, 509, 4, 6.4, 1.2, 1.0, 0.0, 4.0, 51.6, 2062524, 1032992, 997384, 801144, 1.4, 4296696, 61772, 4234924, 0, 0, 0, 0, 0, 0
1526155519, 510, 4, 6.4, 2.3, 0.0, 0.0, 4.0, 51.6, 2062524, 1032992, 997384, 801144, 1.4, 4296696, 61772, 4234924, 0, 0, 0, 0, 0, 0
1526155520, 511, 4, 5.2, 4.6, 1.0, 0.0, 0.0, 51.6, 2062524, 1032992, 997384, 801144, 1.4, 4296696, 61772, 4234924, 0, 0, 0, 0, 0, 0
1526155521, 512, 4, 8.4, 2.3, 2.0, 0.0, 4.0, 51.6, 2062524, 1032992, 997384, 801144, 1.4, 4296696, 61772, 4234924, 0, 0, 0, 0, 0, 0
1526155522, 513, 4, 19.6, 17.2, 0.0, 0.0, 4.0, 51.7, 2062524, 1033404, 996980, 800344, 1.4, 4296696, 61772, 4234924, 98, 0, 704, 0, 40, 0
1526155523, 514, 4, 1.2, 1.2, 0.0, 0.0, 0.0, 51.7, 2062524, 1033404, 996980, 800344, 1.4, 4296696, 61772, 4234924, 0, 0, 0, 0, 0, 0
1526155524, 515, 4, 30.0, 25.6, 2.0, 0.0, 4.0, 51.7, 2062524, 1033524, 996812, 800096, 1.4, 4296696, 61764, 4234932, 8, 0, 312, 0, 20, 0
1526155525, 516, 4, 6.4, 1.2, 1.0, 0.0, 4.0, 51.7, 2062524, 1033524, 996812, 800096, 1.4, 4296696, 61764, 4234932, 0, 0, 0, 0, 0, 0
1526155526, 517, 4, 4.0, 3.5, 1.0, 0.0, 0.0, 51.6, 2062524, 1033004, 997380, 800616, 1.4, 4296696, 61760, 4234936, 2, 0, 8, 0, 0, 0
1526155527, 518, 4, 7.2, 1.2, 2.0, 0.0, 4.0, 51.6, 2062524, 1032996, 997380, 800616, 1.4, 4296696, 61760, 4234936, 0, 4, 0, 72, 0, 0
1526155528, 519, 4, 6.4, 1.2, 1.0, 0.0, 4.0, 51.6, 2062524, 1032996, 997380, 800616, 1.4, 4296696, 61760, 4234936, 0, 0, 0, 0, 0, 0
1526155529, 520, 4, 14.4, 9.3, 1.0, 4.0, 1.0, 51.6, 2062524, 1033056, 997324, 800264, 1.4, 4296696, 61756, 4234940, 16, 0, 544, 0, 20, 0
1526155530, 521, 4, 6.4, 1.2, 1.0, 0.0, 4.0, 51.6, 2062524, 1032984, 997396, 800336, 1.4, 4296696, 61756, 4234940, 0, 0, 0, 0, 0, 0
1526155531, 522, 4, 1.2, 1.2, 0.0, 0.0, 0.0, 51.6, 2062524, 1032984, 997396, 800336, 1.4, 4296696, 61756, 4234940, 0, 0, 0, 0, 0, 0
1526155532, 523, 4, 6.4, 1.2, 1.0, 1.0, 3.0, 51.6, 2062524, 1032968, 997412, 800352, 1.4, 4296696, 61756, 4234940, 0, 0, 0, 0, 0, 0
1526155533, 524, 4, 4.0, 1.2, 0.0, 0.0, 3.0, 51.6, 2062524, 1032968, 997412, 800352, 1.4, 4296696, 61756, 4234940, 0, 0, 0, 0, 0, 0
1526155534, 525, 4, 8.4, 3.5, 2.0, 3.0, 0.0, 51.6, 2062524, 1032976, 997404, 800336, 1.4, 4296696, 61756, 4234940, 0, 4, 0, 72, 0, 0
1526155535, 526, 4, 5.2, 1.2, 0.0, 0.0, 4.0, 51.6, 2062524, 1032960, 997420, 800352, 1.4, 4296696, 61756, 4234940, 0, 0, 0, 0, 0, 0
1526155536, 527, 4, 6.4, 1.2, 1.0, 0.0, 4.0, 51.6, 2062524, 1032960, 997420, 800352, 1.4, 4296696, 61756, 4234940, 0, 22, 0, 112, 0, 140
1526155537, 528, 4, 1.2, 1.2, 0.0, 0.0, 0.0, 51.6, 2062524, 1032960, 997420, 800352, 1.4, 4296696, 61756, 4234940, 0, 0, 0, 0, 0, 0
1526155538, 529, 4, 12.4, 3.5, 2.0, 3.0, 4.0, 51.6, 2062524, 1032960, 997420, 800352, 1.4, 4296696, 61756, 4234940, 0, 0, 0, 0, 0, 0
1526155539, 530, 4, 12.4, 4.7, 0.0, 3.0, 5.0, 51.6, 2062524, 1032744, 997636, 800568, 1.4, 4296696, 61756, 4234940, 0, 0, 0, 0, 0, 0
1526155540, 531, 4, 2.0, 2.3, 0.0, 0.0, 0.0, 51.6, 2062524, 1032728, 997652, 800584, 1.4, 4296696, 61756, 4234940, 0, 0, 0, 0, 0, 0
1526155541, 532, 4, 6.4, 2.3, 0.0, 0.0, 4.0, 51.6, 2062524, 1032712, 997668, 800600, 1.4, 4296696, 61756, 4234940, 0, 0, 0, 0, 0, 0
1526155542, 533, 4, 14.4, 6.8, 0.0, 3.0, 5.1, 51.6, 2062524, 1032976, 997404, 800336, 1.4, 4296696, 61756, 4234940, 0, 0, 0, 0, 0, 0
1526155543, 534, 4, 10.4, 5.7, 3.0, 1.0, 1.0, 51.6, 2062524, 1032852, 997528, 800460, 1.4, 4296696, 61756, 4234940, 0, 0, 0, 0, 0, 0
1526155544, 535, 4, 12.4, 1.2, 1.0, 2.0, 7.9, 51.6, 2062524, 1032784, 997596, 800528, 1.4, 4296696, 61752, 4234944, 2, 0, 32, 0, 0, 0
1526155545, 536, 4, 5.2, 1.2, 0.0, 0.0, 4.0, 51.6, 2062524, 1032712, 997668, 800600, 1.4, 4296696, 61752, 4234944, 0, 0, 0, 0, 0, 0
1526155546, 537, 4, 1.2, 1.2, 0.0, 0.0, 0.0, 51.6, 2062524, 1032704, 997668, 800600, 1.4, 4296696, 61752, 4234944, 0, 0, 0, 0, 0, 0
1526155547, 538, 4, 6.4, 1.2, 1.0, 1.0, 3.0, 51.6, 2062524, 1032704, 997668, 800600, 1.4, 4296696, 61752, 4234944, 0, 0, 0, 0, 0, 0
1526155548, 539, 4, 4.0, 1.2, 0.0, 0.0, 3.0, 51.6, 2062524, 1032704, 997668, 800600, 1.4, 4296696, 61752, 4234944, 0, 0, 0, 0, 0, 0
1526155549, 540, 4, 4.0, 1.2, 1.0, 2.0, 0.0, 51.6, 2062524, 1032704, 997668, 800600, 1.4, 4296696, 61752, 4234944, 0, 0, 0, 0, 0, 0
1526155550, 541, 4, 6.4, 1.2, 1.0, 0.0, 4.0, 51.6, 2062524, 1032688, 997684, 800616, 1.4, 4296696, 61752, 4234944, 0, 0, 0, 0, 0, 0
1526155551, 542, 4, 1.2, 1.2, 0.0, 0.0, 0.0, 51.6, 2062524, 1032672, 997692, 800624, 1.4, 4296696, 61752, 4234944, 0, 4, 0, 32, 0, 0
1526155552, 543, 4, 7.2, 2.3, 1.0, 0.0, 4.0, 51.6, 2062524, 1032672, 997692, 800624, 1.4, 4296696, 61752, 4234944, 0, 0, 0, 0, 0, 0
1526155553, 544, 4, 11.2, 6.7, 0.0, 1.0, 4.0, 51.6, 2062524, 1032672, 997692, 800624, 1.4, 4296696, 61752, 4234944, 0, 0, 0, 0, 0, 0
1526155554, 545, 4, 4.0, 1.2, 1.0, 2.0, 0.0, 51.6, 2062524, 1032672, 997692, 800624, 1.4, 4296696, 61752, 4234944, 0, 0, 0, 0, 0, 0
1526155555, 546, 4, 9.2, 4.5, 1.0, 0.0, 4.0, 51.6, 2062524, 1032672, 997692, 800624, 1.4, 4296696, 61752, 4234944, 0, 0, 0, 0, 0, 0
1526155556, 547, 4, 13.6, 5.7, 3.0, 1.0, 4.0, 51.6, 2062524, 1032684, 997696, 800600, 1.4, 4296696, 61748, 4234948, 2, 2, 8, 8, 0, 0
1526155557, 548, 4, 5.2, 3.4, 1.0, 1.0, 0.0, 51.6, 2062524, 1032684, 997696, 800600, 1.4, 4296696, 61748, 4234948, 0, 0, 0, 0, 0, 0
1526155558, 549, 4, 5.2, 1.2, 0.0, 0.0, 4.0, 51.6, 2062524, 1032684, 997696, 800600, 1.4, 4296696, 61748, 4234948, 0, 0, 0, 0, 0, 0
1526155559, 550, 4, 5.2, 1.2, 0.0, 0.0, 4.0, 51.6, 2062524, 1032684, 997696, 800600, 1.4, 4296696, 61748, 4234948, 0, 0, 0, 0, 0, 0
1526155560, 551, 4, 12.4, 2.3, 2.0, 4.0, 4.0, 51.8, 2062524, 1036628, 993752, 800228, 1.4, 4296696, 61736, 4234960, 0, 0, 0, 0, 0, 0
1526155561, 552, 4, 7.2, 3.4, 0.0, 0.0, 4.0, 51.4, 2062524, 1028884, 1001496, 800228, 1.4, 4296696, 61736, 4234960, 0, 12, 0, 80, 0, 20
1526155562, 553, 4, 8.4, 3.4, 0.0, 1.0, 4.0, 51.4, 2062524, 1028884, 1001496, 800228, 1.4, 4296696, 61736, 4234960, 0, 0, 0, 0, 0, 0
1526155563, 554, 4, 3.2, 2.3, 1.0, 0.0, 0.0, 51.4, 2062524, 1028884, 1001496, 800228, 1.4, 4296696, 61736, 4234960, 0, 0, 0, 0, 0, 0
1526155564, 555, 4, 4.0, 2.3, 1.0, 1.0, 0.0, 51.4, 2062524, 1028884, 1001496, 800228, 1.4, 4296696, 61736, 4234960, 0, 0, 0, 0, 0, 0
1526155565, 556, 4, 6.4, 1.2, 1.0, 0.0, 4.0, 51.4, 2062524, 1028884, 1001496, 800228, 1.4, 4296696, 61736, 4234960, 0, 0, 0, 0, 0, 0
1526155566, 557, 4, 5.2, 2.3, 0.0, 0.0, 3.0, 51.4, 2062524, 1028884, 1001496, 800228, 1.4, 4296696, 61736, 4234960, 0, 0, 0, 0, 0, 0
1526155567, 558, 4, 3.2, 2.4, 1.0, 0.0, 0.0, 51.4, 2062524, 1028880, 1001496, 800228, 1.4, 4296696, 61736, 4234960, 0, 2, 0, 8, 0, 100
1526155568, 559, 4, 6.4, 2.3, 1.0, 0.0, 3.0, 51.4, 2062524, 1028880, 1001496, 800228, 1.4, 4296696, 61736, 4234960, 0, 0, 0, 0, 0, 0
1526155569, 560, 4, 5.2, 1.2, 0.0, 0.0, 4.0, 51.4, 2062524, 1028880, 1001496, 800228, 1.4, 4296696, 61736, 4234960, 0, 0, 0, 0, 0, 0
1526155570, 561, 4, 8.4, 1.2, 0.0, 0.0, 7.1, 51.4, 2062524, 1028880, 1001496, 800228, 1.4, 4296696, 61736, 4234960, 0, 0, 0, 0, 0, 0
1526155571, 562, 4, 4.0, 1.2, 0.0, 2.9, 0.0, 51.4, 2062524, 1028728, 1001620, 800352, 1.4, 4296696, 61720, 4234976, 2, 0, 64, 0, 0, 0
1526155572, 563, 4, 22.8, 6.0, 5.1, 6.1, 5.9, 51.4, 2062524, 1028676, 1001644, 800376, 1.4, 4296696, 61684, 4235012, 10, 0, 40, 0, 0, 0
1526155573, 564, 4, 11.6, 2.3, 3.0, 2.0, 4.0, 51.4, 2062524, 1028612, 1001700, 800416, 1.4, 4296696, 61672, 4235024, 8, 0, 88, 0, 20, 0
1526155574, 565, 4, 5.2, 2.3, 2.0, 1.0, 0.0, 51.4, 2062524, 1028612, 1001700, 800416, 1.4, 4296696, 61672, 4235024, 0, 0, 0, 0, 0, 0
1526155575, 566, 4, 1.2, 1.2, 0.0, 0.0, 0.0, 51.4, 2062524, 1028612, 1001700, 800416, 1.4, 4296696, 61672, 4235024, 0, 0, 0, 0, 0, 0
1526155576, 567, 4, 5.2, 1.2, 0.0, 0.0, 4.0, 51.4, 2062524, 1028604, 1001704, 800416, 1.4, 4296696, 61672, 4235024, 0, 6, 0, 80, 0, 520
1526155577, 568, 4, 8.4, 2.3, 1.0, 1.0, 4.0, 51.4, 2062524, 1028604, 1001704, 800416, 1.4, 4296696, 61672, 4235024, 0, 0, 0, 0, 0, 0
1526155578, 569, 4, 1.2, 1.2, 0.0, 0.0, 0.0, 51.4, 2062524, 1028604, 1001704, 800416, 1.4, 4296696, 61672, 4235024, 0, 0, 0, 0, 0, 0
1526155579, 570, 4, 5.2, 1.2, 0.0, 0.0, 4.0, 51.4, 2062524, 1028604, 1001704, 800416, 1.4, 4296696, 61672, 4235024, 0, 0, 0, 0, 0, 0
1526155580, 571, 4, 5.2, 1.2, 0.0, 0.0, 4.0, 51.4, 2062524, 1028604, 1001704, 800416, 1.4, 4296696, 61672, 4235024, 0, 0, 0, 0, 0, 0
1526155581, 572, 4, 1.2, 1.2, 0.0, 0.0, 0.0, 51.4, 2062524, 1028604, 1001712, 800416, 1.4, 4296696, 61672, 4235024, 0, 12, 0, 48, 0, 2160
1526155582, 573, 4, 6.4, 1.2, 1.0, 0.0, 4.0, 51.4, 2062524, 1028604, 1001712, 800416, 1.4, 4296696, 61668, 4235028, 2, 4, 8, 24, 0, 1560
1526155583, 574, 4, 5.2, 1.2, 0.0, 0.0, 4.0, 51.4, 2062524, 1028604, 1001712, 800416, 1.4, 4296696, 61668, 4235028, 0, 0, 0, 0, 0, 0
1526155584, 575, 4, 1.2, 1.2, 0.0, 0.0, 0.0, 51.4, 2062524, 1028604, 1001712, 800416, 1.4, 4296696, 61668, 4235028, 0, 0, 0, 0, 0, 0
1526155585, 576, 4, 6.4, 1.2, 0.0, 1.0, 4.0, 51.4, 2062524, 1028604, 1001712, 800416, 1.4, 4296696, 61668, 4235028, 0, 0, 0, 0, 0, 0
1526155586, 577, 4, 6.4, 1.2, 0.0, 0.0, 5.0, 51.4, 2062524, 1028604, 1001712, 800416, 1.4, 4296696, 61668, 4235028, 0, 0, 0, 0, 0, 0
1526155587, 578, 4, 2.0, 1.2, 0.0, 0.0, 1.0, 51.4, 2062524, 1028580, 1001736, 800440, 1.4, 4296696, 61668, 4235028, 0, 0, 0, 0, 0, 0
1526155588, 579, 4, 1.2, 1.2, 0.0, 0.0, 0.0, 51.4, 2062524, 1028572, 1001756, 800448, 1.4, 4296696, 61668, 4235028, 0, 0, 0, 0, 0, 0
1526155589, 580, 4, 6.4, 1.2, 1.0, 0.0, 4.0, 51.4, 2062524, 1028572, 1001756, 800448, 1.4, 4296696, 61668, 4235028, 0, 0, 0, 0, 0, 0
1526155590, 581, 4, 5.2, 1.2, 0.0, 0.0, 4.0, 51.4, 2062524, 1028572, 1001756, 800448, 1.4, 4296696, 61668, 4235028, 0, 0, 0, 0, 0, 0
1526155591, 582, 4, 1.2, 1.2, 0.0, 0.0, 0.0, 51.4, 2062524, 1028572, 1001756, 800448, 1.4, 4296696, 61668, 4235028, 0, 2, 0, 8, 0, 100
1526155592, 583, 4, 6.4, 1.2, 0.0, 0.0, 5.0, 51.4, 2062524, 1028572, 1001756, 800448, 1.4, 4296696, 61668, 4235028, 0, 0, 0, 0, 0, 0
1526155593, 584, 4, 2.0, 1.2, 0.0, 0.0, 1.0, 51.4, 2062524, 1028572, 1001756, 800448, 1.4, 4296696, 61668, 4235028, 0, 0, 0, 0, 0, 0
1526155594, 585, 4, 5.2, 1.2, 1.0, 0.0, 3.0, 51.4, 2062524, 1028572, 1001756, 800448, 1.4, 4296696, 61668, 4235028, 0, 0, 0, 0, 0, 0
1526155595, 586, 4, 1.2, 1.2, 0.0, 0.0, 0.0, 51.4, 2062524, 1028572, 1001756, 800448, 1.4, 4296696, 61668, 4235028, 0, 0, 0, 0, 0, 0
1526155596, 587, 4, 4.0, 1.2, 0.0, 0.0, 3.0, 51.4, 2062524, 1028572, 1001756, 800448, 1.4, 4296696, 61668, 4235028, 0, 0, 0, 0, 0, 0
1526155597, 588, 4, 5.2, 1.2, 0.0, 0.0, 4.0, 51.4, 2062524, 1028568, 1001756, 800448, 1.4, 4296696, 61668, 4235028, 0, 2, 0, 8, 0, 100
1526155598, 589, 4, 1.2, 1.2, 0.0, 0.0, 0.0, 51.4, 2062524, 1028568, 1001756, 800448, 1.4, 4296696, 61668, 4235028, 0, 0, 0, 0, 0, 0
1526155599, 590, 4, 10.4, 1.2, 3.0, 0.0, 6.0, 51.4, 2062524, 1028568, 1001756, 800448, 1.4, 4296696, 61668, 4235028, 0, 0, 0, 0, 0, 0
1526155600, 591, 4, 3.2, 1.2, 1.0, 0.0, 1.0, 51.4, 2062524, 1028568, 1001756, 800448, 1.4, 4296696, 61668, 4235028, 0, 0, 0, 0, 0, 0
1526155601, 592, 4, 1.2, 1.2, 0.0, 0.0, 0.0, 51.4, 2062524, 1028568, 1001756, 800448, 1.4, 4296696, 61668, 4235028, 0, 8, 0, 88, 0, 1340
1526155602, 593, 4, 6.4, 1.2, 0.0, 0.0, 5.0, 51.4, 2062524, 1028568, 1001756, 800448, 1.4, 4296696, 61668, 4235028, 0, 0, 0, 0, 0, 0
1526155603, 594, 4, 5.2, 1.2, 0.0, 0.0, 4.0, 51.4, 2062524, 1028568, 1001756, 800448, 1.4, 4296696, 61668, 4235028, 0, 0, 0, 0, 0, 0
1526155604, 595, 4, 1.2, 1.2, 0.0, 0.0, 0.0, 51.4, 2062524, 1028568, 1001756, 800448, 1.4, 4296696, 61668, 4235028, 0, 0, 0, 0, 0, 0
1526155605, 596, 4, 6.4, 1.2, 2.0, 0.0, 3.0, 51.4, 2062524, 1028568, 1001756, 800448, 1.4, 4296696, 61668, 4235028, 0, 0, 0, 0, 0, 0
1526155606, 597, 4, 4.0, 1.2, 0.0, 0.0, 3.0, 51.4, 2062524, 1028568, 1001756, 800448, 1.4, 4296696, 61668, 4235028, 0, 0, 0, 0, 0, 0
1526155607, 598, 4, 3.2, 2.3, 0.0, 1.0, 0.0, 51.4, 2062524, 1028560, 1001756, 800448, 1.4, 4296696, 61668, 4235028, 0, 4, 0, 88, 0, 120
1526155608, 599, 4, 7.2, 1.2, 1.0, 1.0, 4.0, 51.4, 2062524, 1028552, 1001756, 800448, 1.4, 4296696, 61668, 4235028, 0, 0, 0, 0, 0, 0
1526155609, 600, 4, 3.2, 1.2, 1.0, 0.0, 1.0, 51.4, 2062524, 1028552, 1001756, 800448, 1.4, 4296696, 61668, 4235028, 0, 0, 0, 0, 0, 0
1526155610, 601, 4, 4.0, 1.2, 0.0, 0.0, 3.0, 51.4, 2062524, 1028552, 1001756, 800448, 1.4, 4296696, 61668, 4235028, 0, 0, 0, 0, 0, 0
1526155611, 602, 4, 5.2, 1.2, 0.0, 0.0, 4.0, 51.4, 2062524, 1028552, 1001756, 800448, 1.4, 4296696, 61664, 4235032, 2, 0, 8, 0, 0, 0
1526155612, 603, 4, 1.2, 1.2, 0.0, 0.0, 0.0, 51.4, 2062524, 1028552, 1001756, 800448, 1.4, 4296696, 61664, 4235032, 0, 0, 0, 0, 0, 0
1526155613, 604, 4, 5.2, 1.2, 1.0, 0.0, 3.0, 51.4, 2062524, 1028316, 1001968, 800440, 1.4, 4296696, 61664, 4235032, 6, 4, 472, 24, 0, 160
1526155614, 605, 4, 24.0, 1.2, 8.1, 0.0, 13.7, 51.4, 2062524, 1028316, 1001968, 800440, 1.4, 4296696, 61664, 4235032, 0, 0, 0, 0, 0, 0
1526155615, 606, 4, 2.0, 1.2, 1.0, 0.0, 0.0, 51.4, 2062524, 1028316, 1001968, 800440, 1.4, 4296696, 61664, 4235032, 0, 0, 0, 0, 0, 0
1526155616, 607, 4, 25.2, 1.2, 8.2, 0.0, 15.2, 51.4, 2062524, 1028316, 1001968, 800440, 1.4, 4296696, 61664, 4235032, 0, 0, 0, 0, 0, 0
1526155617, 608, 4, 1.2, 1.2, 0.0, 0.0, 0.0, 51.4, 2062524, 1028316, 1001968, 800440, 1.4, 4296696, 61664, 4235032, 0, 0, 0, 0, 0, 0
1526155618, 609, 4, 8.4, 1.2, 2.0, 0.0, 5.0, 51.4, 2062524, 1028292, 1002020, 800464, 1.4, 4296696, 61664, 4235032, 0, 0, 0, 0, 0, 0
1526155619, 610, 4, 4.0, 1.2, 0.0, 0.0, 3.0, 51.4, 2062524, 1028292, 1002020, 800464, 1.4, 4296696, 61664, 4235032, 0, 0, 0, 0, 0, 0
1526155620, 611, 4, 9.2, 2.3, 0.0, 2.0, 5.0, 51.8, 2062524, 1036276, 994052, 800092, 1.4, 4296696, 61664, 4235032, 0, 0, 0, 0, 0, 0
1526155621, 612, 4, 7.2, 1.2, 1.0, 0.0, 5.1, 51.4, 2062524, 1028972, 1001356, 800068, 1.4, 4296696, 61664, 4235032, 0, 0, 0, 0, 0, 0
1526155622, 613, 4, 5.2, 1.2, 0.0, 0.0, 4.0, 51.4, 2062524, 1028688, 1001640, 800068, 1.4, 4296696, 61664, 4235032, 0, 0, 0, 0, 0, 0
1526155623, 614, 4, 2.0, 1.2, 0.0, 1.0, 0.0, 51.4, 2062524, 1028688, 1001640, 800068, 1.4, 4296696, 61664, 4235032, 0, 0, 0, 0, 0, 0
1526155624, 615, 4, 5.2, 1.2, 0.0, 0.0, 4.0, 51.4, 2062524, 1028680, 1001640, 800068, 1.4, 4296696, 61664, 4235032, 0, 4, 0, 32, 0, 160
1526155625, 616, 4, 4.0, 1.2, 0.0, 0.0, 3.0, 51.4, 2062524, 1028680, 1001640, 800068, 1.4, 4296696, 61664, 4235032, 0, 0, 0, 0, 0, 0
1526155626, 617, 4, 2.0, 1.2, 0.0, 0.0, 1.0, 51.4, 2062524, 1028680, 1001640, 800068, 1.4, 4296696, 61664, 4235032, 0, 0, 0, 0, 0, 0
1526155627, 618, 4, 6.4, 1.2, 0.0, 0.0, 5.0, 51.4, 2062524, 1028664, 1001656, 800084, 1.4, 4296696, 61664, 4235032, 0, 0, 0, 0, 0, 0
1526155628, 619, 4, 2.0, 1.2, 0.0, 0.0, 1.0, 51.4, 2062524, 1028656, 1001664, 800092, 1.4, 4296696, 61664, 4235032, 0, 0, 0, 0, 0, 0
1526155629, 620, 4, 7.2, 1.2, 1.0, 0.0, 5.0, 51.4, 2062524, 1028548, 1001772, 800200, 1.4, 4296696, 61660, 4235036, 2, 0, 8, 0, 20, 0
1526155630, 621, 4, 5.2, 1.2, 1.0, 0.0, 3.1, 51.4, 2062524, 1028548, 1001772, 800200, 1.4, 4296696, 61660, 4235036, 0, 0, 0, 0, 0, 0
1526155631, 622, 4, 2.0, 2.4, 0.0, 0.0, 0.0, 51.4, 2062524, 1028548, 1001772, 800200, 1.4, 4296696, 61660, 4235036, 0, 0, 0, 0, 0, 0
1526155632, 623, 4, 4.0, 1.2, 0.0, 0.0, 3.0, 51.4, 2062524, 1028548, 1001772, 800200, 1.4, 4296696, 61660, 4235036, 0, 0, 0, 0, 0, 0
1526155633, 624, 4, 5.2, 1.2, 0.0, 0.0, 4.0, 51.4, 2062524, 1028540, 1001772, 800200, 1.4, 4296696, 61660, 4235036, 0, 4, 0, 24, 0, 240
